805352 808706 864915 864915 864915 864915 864915 898044 898044 898044 898044 898044 898044 898044 898044 898044 898044 898044 898044 898044 898044 898044 898044 904290 904290 904290 904290 904290 904290 904290 904290 904290 904290 904290 904290 904290 904290 904290 904290 904290 904290 904290 904290 904290 904290 904290 904290 904290 904290 904290
888201 888201 888201 888201 888201 888201 888201 888201 888201 888201 888201 888201 888201 888201 888201 895426 895426 895426 895426 895426 895426 895426 895426 895426 895426 895426 895426 895426 895426 895426 895426 895426 895426 895426 896825 896825 896825 896825 896825 896825 896825 896825 896825 896825 896825 896825 896825 896825 896825 896825
859415 859415 859415 864325 864325 864325 864325 864325 864325 864325 884663 884663 884663 884663 884663 884663 884663 884663 884663 884663 884663 884663 884663 884663 884663 884663 884663 884663 884663 884663 884663 884663 884663 884663 884663 884663 884663 884663 884663 884663 884663 884663 884663 884663 884663 884663 884663 884663 884663 884663
867014 867014 867014 867014 867014 867014 867014 867014 867611 867611 867611 867611 867611 867611 867611 867611 867611 867611 867611 867611 874468 874468 874468 874468 874468 874468 874468 874468 874468 874468 874468 874468 874468 874468 874468 874468 874468 874468 874468 874468 874468 874468 874468 874468 874468 874468 874468 874468 874468 874468
860981 860981 860981 860981 860981 860981 860981 865984 865984 865984 865984 865984 865984 865984 865984 865984 865984 865984 868269 868269 868269 868269 868269 868269 868269 868269 868269 868269 868269 868269 868269 868269 868269 868269 868269 868269 868269 868269 868269 868269 868269 868269 868269 868269 868269 868269 868269 871501 871501 871501
811336 811336 830497 839655 839655 839655 839655 847801 847801 847801 855879 855879 855879 855879 855879 855879 855879 866388 866388 866388 866388 866388 866388 866388 866388 866388 866388 866388 866759 866759 866759 866759 885724 885724 893168 893168 893168 893168 893168 893168 893168 893168 893168 893168 893168 893168 893168 900739 900739 900739
818449 818449 833548 834939 863293 863293 863293 863293 863293 863293 863293 863293 863293 863293 863293 863293 863293 863293 873059 873059 873059 873059 873059 873059 873059 873059 873059 873059 873059 873059 873059 873059 873059 873059 873059 873059 873059 873059 873059 873059 881807 881807 881807 881807 881807 881807 881807 881807 881807 881807
816420 881415 881415 881415 881415 881415 881415 881415 881415 881415 881415 881415 881415 881415 881415 881415 881415 881415 881415 881415 881415 881415 881415 881415 881415 881415 881415 881415 881415 881415 881415 881415 881415 881415 881415 881415 881415 881415 881415 881415 881415 881415 881415 881415 906565 906565 906565 906565 906565 906565
828292 828292 858575 903156 903156 903156 903156 903156 903156 903156 903156 903156 903156 903156 903156 903156 903156 903156 903156 903156 903156 903156 903156 903156 903156 903156 903156 903156 903156 903156 903156 903156 903156 903156 903156 903156 903156 903156 903156 903156 903156 903156 903156 903156 903156 903156 903156 903156 903156 903156
888238 888238 888238 888238 888238 888238 888238 888238 888238 888238 888238 888238 888238 888238 888238 888238 888238 888238 888238 888238 888238 888238 888238 888238 888238 888238 888238 888238 888238 888238 888238 888238 888238 888238 888238 888238 888238 888238 888238 888238 888238 888238 888238 888238 888238 888238 888238 888238 888238 888238
826666 826666 826666 826666 925967 925967 925967 925967 925967 925967 925967 925967 925967 925967 925967 925967 925967 925967 925967 925967 925967 925967 925967 925967 925967 925967 925967 925967 925967 925967 925967 925967 925967 925967 925967 925967 925967 925967 925967 925967 925967 925967 925967 925967 925967 925967 925967 925967 925967 925967
813743 813743 813743 833106 880714 880714 880714 880714 880714 880714 880714 880714 880714 880714 880714 880714 880714 880714 880714 880714 880714 880714 880714 880714 880714 880714 880714 880714 880714 880714 880714 880714 880714 880714 880714 880714 880714 880714 880714 880714 880714 880714 880714 880714 880714 880714 880714 880714 880714 880714
840030 840030 840030 840030 883599 883599 883599 883599 883599 885440 885440 885440 885440 885440 885440 898584 898584 898584 898584 898584 898584 898584 898584 898584 898584 898584 898584 898584 898584 898584 898584 898584 898584 898584 898584 898584 898584 898584 898584 898584 898584 898584 898584 898584 898584 898584 898584 900586 900586 900586
814565 836720 836720 839096 844073 844073 853330 853330 853330 853330 853330 886670 886670 886670 886670 904388 904388 904388 904388 904388 904388 904388 904388 904388 904388 904388 904388 904388 904388 904388 904388 904388 904388 904388 904388 904388 904388 904388 904388 904388 904388 904388 904388 904388 904388 904388 904388 904388 904388 904388
817514 817514 853234 853234 853234 853234 853234 853234 853234 853234 853234 853234 853234 853234 853234 853234 853234 853234 853234 853234 853234 891490 891490 891490 891490 891490 891490 891490 891490 891490 891490 891490 891490 891490 891490 891490 891490 891490 891490 891490 891490 891490 891490 891490 891490 891490 891490 891490 891490 891490
826219 826219 851330 851330 851330 851330 851330 851330 851897 866154 866154 866154 866154 866154 866154 866154 866154 866154 866154 866154 866154 867499 867499 867499 867499 867499 869599 869599 869599 869599 869599 869599 869599 869599 888205 888205 888205 888205 888205 888205 888205 888205 888205 888205 888205 888205 888205 888205 888205 888205
820320 830285 841514 841514 841514 841514 856517 856517 856517 856517 856517 856517 889805 889805 889805 889805 889805 889805 889805 889805 889805 889805 889805 889805 892807 892807 892807 892807 892807 892807 892807 892807 892807 892807 892807 892807 892807 892807 892807 892807 892807 892807 892807 896211 896211 896211 896211 896211 896211 896211
835154 835154 835154 835154 835154 835154 844823 844823 844823 844823 844823 850372 850372 850372 858712 883086 883086 883086 883086 883086 883086 883086 883086 883086 883086 883086 883086 883086 883086 883086 883086 883086 883086 883086 883086 883086 883086 896882 896882 896882 896882 896882 896882 896882 896882 896882 896882 896882 896882 902501
838928 838928 838928 838928 838928 838928 838928 838928 838928 838928 838928 878125 878125 878125 878125 878125 878125 878125 878125 878125 878125 878125 878125 898973 898973 898973 898973 898973 898973 898973 898973 898973 898973 898973 898973 898973 898973 898973 898973 898973 898973 898973 898973 898973 898973 898973 898973 898973 898973 898973
835587 835587 836839 836839 836839 836839 925972 925972 925972 925972 925972 925972 925972 925972 925972 925972 925972 925972 925972 925972 925972 925972 925972 925972 925972 925972 925972 925972 925972 925972 925972 925972 925972 925972 925972 925972 925972 925972 925972 925972 925972 925972 931732 931732 931732 931732 931732 931732 931732 931732
814346 814346 854329 854329 854329 854329 854329 854329 854329 854329 854329 854329 854329 854329 854329 854329 854329 854329 865345 865345 865345 867736 867736 868375 868375 868375 868375 878313 878313 878313 878313 878313 878313 878313 878313 878313 878313 878313 878313 878313 878313 878313 878313 878313 908535 908535 908535 908535 908535 908535
842575 842575 842575 842575 842575 842575 842575 842575 842575 845940 845940 845940 845940 845940 845940 845940 910899 910899 910899 910899 910899 910899 910899 910899 910899 910899 910899 910899 910899 910899 910899 910899 910899 910899 910899 910899 910899 910899 910899 910899 910899 910899 910899 910899 910899 910899 910899 910899 910899 910899
832717 832717 832717 832717 855387 855387 864054 864054 864054 864054 864054 864054 864054 864054 864054 864054 864054 864054 864054 864054 864054 864054 864054 864054 864054 864054 864054 864054 864054 864054 864054 864054 864054 864292 864292 864292 864292 864292 864292 864292 864292 864292 864292 864292 888856 888856 888856 888856 888856 888856
884675 884675 884675 884675 884675 888075 888075 888075 888075 888075 888075 888075 897108 902740 902740 902740 902740 902740 902740 902740 902740 902740 902740 902740 902740 902740 902740 902740 902740 902740 902740 902740 902740 902740 902740 902740 902740 902740 902740 902740 902740 903162 903162 903162 903162 903162 903162 903162 903162 903162
837743 837743 842685 847964 847964 847964 847964 894369 894369 894369 894369 894369 894369 894369 894369 894369 894369 894369 894369 894369 894369 894369 894369 894369 894369 894369 894369 894369 894369 894369 894369 894369 894369 894369 894369 894369 894369 894369 894369 894369 894369 894369 894369 894369 894369 894369 894369 895283 895283 895283
879901 879901 879901 879901 879901 879901 879901 879901 879901 879901 879901 879901 879901 879901 885509 885509 885509 885509 885509 885509 885509 885509 885509 885509 885509 885509 885509 885509 885509 885509 885509 885509 885509 885509 885509 885509 885509 885509 885509 885509 885509 885509 885509 885509 885509 885509 885509 885509 885509 885509
832160 836998 836998 836998 842438 842438 885686 885686 885686 885686 885686 885686 885686 885686 885686 885686 885686 885686 885686 885686 885686 885686 885686 885686 885686 885686 885686 885686 885686 885686 885686 885686 885686 885686 885686 885686 901187 901187 901187 901187 901187 901187 901187 901187 901187 901187 901187 901187 901187 901187
806344 816889 816889 844085 844085 865882 865882 865882 865882 865882 865882 865882 865882 865882 865882 869472 869472 869472 869472 869472 869472 869472 889515 889515 889515 889515 889515 889515 889515 889515 889515 889515 889515 889515 889515 889515 889515 889515 889515 889515 889515 889515 889515 889515 889515 889515 889515 889515 889515 889515
830813 853946 853946 853946 853946 860948 860948 860948 874483 874483 874483 874483 874483 874483 874483 874483 874483 874483 874483 874483 874483 874483 874483 874483 874483 874483 874483 874483 874483 874483 874483 874483 874483 874483 874483 874483 874483 874483 874483 874483 874483 874483 874483 882563 882563 882563 882563 902649 902649 902649
825368 886032 886032 886032 886032 886032 886032 886032 886032 900515 900515 900515 900515 900515 900515 900515 900515 900515 900515 900515 900515 900515 900515 900515 900515 900515 900515 900515 900515 900515 900515 900515 900515 900515 900515 900515 900515 900515 900515 900515 900515 900515 900515 900515 900515 900515 900515 900515 900515 900515
