137888 140297 140383 140407 140407 140477 140477 140477 140477 140477 140477 140477 140477 140477 140543 140543 140618 140618 140618 140618 140778 140778 140778 140778 140778 140778 140778 140778 140778 140778 140778 140778 140778 140778 140778 140778 140778 140778 140778 140778 140778 140778 140778 140778 140778 140778 140778 140778 140778 140778
133872 138867 139087 140568 140618 141137 141148 141247 141247 141278 141278 141278 141278 141278 141278 141278 141278 141278 141278 141278 141278 141278 141278 141278 141278 141278 141278 141278 141278 141278 141278 141278 141278 141278 141278 141278 141278 141278 141278 141278 141278 141278 141278 141278 141278 141278 141278 141278 141278 141278
137901 139187 140412 141148 141247 141247 141258 141278 141278 141278 141278 141278 141278 141278 141278 141278 141278 141278 141278 141278 141278 141278 141278 141278 141278 141278 141278 141278 141278 141278 141278 141278 141278 141278 141278 141278 141278 141278 141278 141278 141278 141278 141278 141278 141278 141278 141278 141278 141278 141278
138988 139773 140458 140508 141278 141278 141278 141278 141278 141278 141278 141278 141278 141278 141278 141278 141278 141278 141278 141278 141278 141278 141278 141278 141278 141278 141278 141278 141278 141278 141278 141278 141278 141278 141278 141278 141278 141278 141278 141278 141278 141278 141278 141278 141278 141278 141278 141278 141278 141278
136528 139018 139662 140407 140607 141278 141278 141278 141278 141278 141278 141278 141278 141278 141278 141278 141278 141278 141278 141278 141278 141278 141278 141278 141278 141278 141278 141278 141278 141278 141278 141278 141278 141278 141278 141278 141278 141278 141278 141278 141278 141278 141278 141278 141278 141278 141278 141278 141278 141278
136236 139918 139918 140607 140618 140618 140618 140618 141258 141258 141258 141278 141278 141278 141278 141278 141278 141278 141278 141278 141278 141278 141278 141278 141278 141278 141278 141278 141278 141278 141278 141278 141278 141278 141278 141278 141278 141278 141278 141278 141278 141278 141278 141278 141278 141278 141278 141278 141278 141278
137602 139598 140607 140607 141098 141098 141258 141278 141278 141278 141278 141278 141278 141278 141278 141278 141278 141278 141278 141278 141278 141278 141278 141278 141278 141278 141278 141278 141278 141278 141278 141278 141278 141278 141278 141278 141278 141278 141278 141278 141278 141278 141278 141278 141278 141278 141278 141278 141278 141278
136327 139938 139938 141258 141258 141258 141258 141258 141278 141278 141278 141278 141278 141278 141278 141278 141278 141278 141278 141278 141278 141278 141278 141278 141278 141278 141278 141278 141278 141278 141278 141278 141278 141278 141278 141278 141278 141278 141278 141278 141278 141278 141278 141278 141278 141278 141278 141278 141278 141278
137893 139632 140148 141247 141247 141247 141247 141247 141278 141278 141278 141278 141278 141278 141278 141278 141278 141278 141278 141278 141278 141278 141278 141278 141278 141278 141278 141278 141278 141278 141278 141278 141278 141278 141278 141278 141278 141278 141278 141278 141278 141278 141278 141278 141278 141278 141278 141278 141278 141278
137788 138618 140477 140477 140538 140618 140618 140618 141278 141278 141278 141278 141278 141278 141278 141278 141278 141278 141278 141278 141278 141278 141278 141278 141278 141278 141278 141278 141278 141278 141278 141278 141278 141278 141278 141278 141278 141278 141278 141278 141278 141278 141278 141278 141278 141278 141278 141278 141278 141278
139983 140378 140378 140477 140607 140607 141258 141278 141278 141278 141278 141278 141278 141278 141278 141278 141278 141278 141278 141278 141278 141278 141278 141278 141278 141278 141278 141278 141278 141278 141278 141278 141278 141278 141278 141278 141278 141278 141278 141278 141278 141278 141278 141278 141278 141278 141278 141278 141278 141278
133720 139187 139402 141168 141278 141278 141278 141278 141278 141278 141278 141278 141278 141278 141278 141278 141278 141278 141278 141278 141278 141278 141278 141278 141278 141278 141278 141278 141278 141278 141278 141278 141278 141278 141278 141278 141278 141278 141278 141278 141278 141278 141278 141278 141278 141278 141278 141278 141278 141278
137996 139383 139888 141137 141247 141247 141278 141278 141278 141278 141278 141278 141278 141278 141278 141278 141278 141278 141278 141278 141278 141278 141278 141278 141278 141278 141278 141278 141278 141278 141278 141278 141278 141278 141278 141278 141278 141278 141278 141278 141278 141278 141278 141278 141278 141278 141278 141278 141278 141278
136382 139187 140328 140328 141258 141258 141258 141258 141278 141278 141278 141278 141278 141278 141278 141278 141278 141278 141278 141278 141278 141278 141278 141278 141278 141278 141278 141278 141278 141278 141278 141278 141278 141278 141278 141278 141278 141278 141278 141278 141278 141278 141278 141278 141278 141278 141278 141278 141278 141278
136165 140328 141278 141278 141278 141278 141278 141278 141278 141278 141278 141278 141278 141278 141278 141278 141278 141278 141278 141278 141278 141278 141278 141278 141278 141278 141278 141278 141278 141278 141278 141278 141278 141278 141278 141278 141278 141278 141278 141278 141278 141278 141278 141278 141278 141278 141278 141278 141278 141278
138087 139998 140508 141278 141278 141278 141278 141278 141278 141278 141278 141278 141278 141278 141278 141278 141278 141278 141278 141278 141278 141278 141278 141278 141278 141278 141278 141278 141278 141278 141278 141278 141278 141278 141278 141278 141278 141278 141278 141278 141278 141278 141278 141278 141278 141278 141278 141278 141278 141278
138147 139137 139967 140607 140618 141278 141278 141278 141278 141278 141278 141278 141278 141278 141278 141278 141278 141278 141278 141278 141278 141278 141278 141278 141278 141278 141278 141278 141278 141278 141278 141278 141278 141278 141278 141278 141278 141278 141278 141278 141278 141278 141278 141278 141278 141278 141278 141278 141278 141278
136167 140317 140618 140618 140618 140618 140618 140618 140618 140618 140618 140618 140618 140618 140618 140778 141258 141258 141258 141258 141258 141258 141278 141278 141278 141278 141278 141278 141278 141278 141278 141278 141278 141278 141278 141278 141278 141278 141278 141278 141278 141278 141278 141278 141278 141278 141278 141278 141278 141278
131512 138433 139107 141098 141247 141278 141278 141278 141278 141278 141278 141278 141278 141278 141278 141278 141278 141278 141278 141278 141278 141278 141278 141278 141278 141278 141278 141278 141278 141278 141278 141278 141278 141278 141278 141278 141278 141278 141278 141278 141278 141278 141278 141278 141278 141278 141278 141278 141278 141278
137986 139902 140786 141278 141278 141278 141278 141278 141278 141278 141278 141278 141278 141278 141278 141278 141278 141278 141278 141278 141278 141278 141278 141278 141278 141278 141278 141278 141278 141278 141278 141278 141278 141278 141278 141278 141278 141278 141278 141278 141278 141278 141278 141278 141278 141278 141278 141278 141278 141278
137016 138567 139547 140532 141258 141278 141278 141278 141278 141278 141278 141278 141278 141278 141278 141278 141278 141278 141278 141278 141278 141278 141278 141278 141278 141278 141278 141278 141278 141278 141278 141278 141278 141278 141278 141278 141278 141278 141278 141278 141278 141278 141278 141278 141278 141278 141278 141278 141278 141278
136777 139663 140383 140532 140786 141247 141247 141247 141278 141278 141278 141278 141278 141278 141278 141278 141278 141278 141278 141278 141278 141278 141278 141278 141278 141278 141278 141278 141278 141278 141278 141278 141278 141278 141278 141278 141278 141278 141278 141278 141278 141278 141278 141278 141278 141278 141278 141278 141278 141278
136928 138867 140568 140778 140778 141148 141148 141148 141258 141258 141258 141278 141278 141278 141278 141278 141278 141278 141278 141278 141278 141278 141278 141278 141278 141278 141278 141278 141278 141278 141278 141278 141278 141278 141278 141278 141278 141278 141278 141278 141278 141278 141278 141278 141278 141278 141278 141278 141278 141278
134703 139873 140383 140543 140543 140543 140543 140543 140543 140543 140543 140543 140543 140543 140543 140543 140543 140618 140618 140618 140618 140618 140618 140618 141258 141278 141278 141278 141278 141278 141278 141278 141278 141278 141278 141278 141278 141278 141278 141278 141278 141278 141278 141278 141278 141278 141278 141278 141278 141278
136346 140538 140778 140778 140778 140778 141258 141258 141258 141258 141258 141278 141278 141278 141278 141278 141278 141278 141278 141278 141278 141278 141278 141278 141278 141278 141278 141278 141278 141278 141278 141278 141278 141278 141278 141278 141278 141278 141278 141278 141278 141278 141278 141278 141278 141278 141278 141278 141278 141278
137527 139402 139922 141247 141247 141278 141278 141278 141278 141278 141278 141278 141278 141278 141278 141278 141278 141278 141278 141278 141278 141278 141278 141278 141278 141278 141278 141278 141278 141278 141278 141278 141278 141278 141278 141278 141278 141278 141278 141278 141278 141278 141278 141278 141278 141278 141278 141278 141278 141278
137941 140247 141098 141098 141278 141278 141278 141278 141278 141278 141278 141278 141278 141278 141278 141278 141278 141278 141278 141278 141278 141278 141278 141278 141278 141278 141278 141278 141278 141278 141278 141278 141278 141278 141278 141278 141278 141278 141278 141278 141278 141278 141278 141278 141278 141278 141278 141278 141278 141278
138056 140778 140778 140778 140778 140778 140778 141278 141278 141278 141278 141278 141278 141278 141278 141278 141278 141278 141278 141278 141278 141278 141278 141278 141278 141278 141278 141278 141278 141278 141278 141278 141278 141278 141278 141278 141278 141278 141278 141278 141278 141278 141278 141278 141278 141278 141278 141278 141278 141278
130567 140132 140132 140618 140618 140618 141278 141278 141278 141278 141278 141278 141278 141278 141278 141278 141278 141278 141278 141278 141278 141278 141278 141278 141278 141278 141278 141278 141278 141278 141278 141278 141278 141278 141278 141278 141278 141278 141278 141278 141278 141278 141278 141278 141278 141278 141278 141278 141278 141278
135073 139077 139147 140328 141278 141278 141278 141278 141278 141278 141278 141278 141278 141278 141278 141278 141278 141278 141278 141278 141278 141278 141278 141278 141278 141278 141278 141278 141278 141278 141278 141278 141278 141278 141278 141278 141278 141278 141278 141278 141278 141278 141278 141278 141278 141278 141278 141278 141278 141278
