4160 5467 6393 6616 7203 7203 7203 7270 7401 7401 7451 7451 7543 7543 7572 7572 7597 7618 7656 7656 7678 7697 7707 7707 7728 7761 7761 7761 7772 7772 7772 7772 7772 7772 7772 7772 7772 7772 7772 7772 7772 7772 7772 7772 7772 7772 7772 7772 7772 7772
3653 4151 5822 6037 6468 6503 6999 6999 6999 7338 7382 7382 7382 7400 7439 7456 7464 7464 7500 7512 7523 7536 7599 7599 7599 7625 7625 7625 7625 7690 7690 7690 7690 7690 7690 7690 7690 7690 7690 7690 7690 7690 7690 7690 7690 7690 7690 7690 7690 7690
4096 5642 6187 6734 6890 7394 7394 7466 7466 7466 7466 7466 7466 7520 7527 7527 7648 7648 7648 7648 7657 7657 7725 7725 7734 7734 7734 7734 7761 7761 7761 7761 7761 7761 7761 7761 7761 7761 7761 7761 7761 7761 7761 7761 7761 7761 7761 7761 7761 7761
4002 5402 6336 6802 6802 7037 7095 7112 7128 7322 7322 7446 7446 7446 7462 7462 7462 7591 7591 7591 7591 7599 7602 7602 7638 7663 7663 7705 7738 7738 7738 7738 7738 7738 7738 7738 7738 7738 7738 7738 7738 7738 7738 7738 7738 7738 7738 7738 7738 7738
3838 6270 6440 7004 7020 7262 7262 7262 7436 7436 7436 7436 7513 7513 7513 7565 7565 7574 7574 7575 7593 7636 7655 7655 7655 7655 7684 7684 7734 7734 7761 7761 7761 7761 7761 7761 7761 7761 7761 7761 7761 7761 7761 7761 7761 7761 7761 7761 7761 7761
2949 5587 5894 6391 6751 6928 6928 7240 7243 7367 7367 7484 7497 7497 7547 7607 7607 7607 7663 7692 7692 7692 7702 7702 7702 7707 7741 7741 7741 7741 7741 7741 7741 7741 7741 7741 7741 7741 7741 7741 7741 7741 7741 7741 7741 7741 7741 7741 7741 7741
4785 5924 6579 6945 7338 7391 7391 7446 7483 7483 7552 7557 7557 7558 7618 7629 7635 7639 7706 7706 7706 7706 7706 7712 7712 7725 7739 7739 7739 7739 7739 7772 7772 7772 7772 7772 7772 7772 7772 7772 7772 7772 7772 7772 7772 7772 7772 7772 7772 7772
4313 5855 6435 6684 6836 6836 7085 7275 7275 7331 7432 7432 7432 7451 7479 7479 7479 7493 7532 7532 7571 7609 7609 7631 7660 7686 7713 7758 7758 7758 7758 7758 7758 7758 7758 7758 7758 7758 7758 7758 7758 7758 7758 7758 7758 7758 7758 7758 7758 7758
4490 6115 6621 6998 6998 6998 7214 7214 7214 7259 7483 7518 7518 7551 7551 7561 7561 7579 7611 7611 7611 7618 7621 7708 7708 7728 7728 7758 7758 7758 7758 7758 7758 7758 7758 7758 7758 7758 7758 7758 7758 7758 7758 7758 7758 7758 7758 7758 7758 7758
5006 5517 6296 6911 7273 7371 7371 7371 7378 7433 7433 7471 7486 7486 7548 7548 7548 7606 7641 7641 7679 7679 7679 7684 7716 7716 7716 7716 7772 7772 7772 7772 7772 7772 7772 7772 7772 7772 7772 7772 7772 7772 7772 7772 7772 7772 7772 7772 7772 7772
5475 5620 6813 7132 7132 7132 7132 7132 7132 7228 7304 7452 7452 7475 7543 7543 7576 7576 7576 7605 7605 7605 7621 7621 7626 7626 7638 7639 7639 7716 7716 7758 7758 7758 7758 7758 7758 7758 7758 7758 7758 7758 7758 7758 7758 7758 7758 7758 7758 7758
4474 5295 5929 6024 6713 7062 7298 7310 7319 7356 7543 7543 7545 7545 7638 7638 7644 7647 7647 7676 7700 7700 7700 7709 7709 7713 7721 7721 7728 7728 7728 7728 7728 7728 7728 7728 7728 7728 7728 7728 7728 7728 7728 7728 7728 7728 7728 7728 7728 7728
3532 5276 5466 6061 6695 6863 7072 7072 7128 7285 7285 7285 7396 7454 7454 7454 7519 7538 7617 7617 7620 7633 7672 7682 7710 7710 7710 7710 7710 7710 7719 7719 7719 7719 7719 7719 7719 7719 7719 7719 7719 7719 7739 7739 7739 7739 7739 7739 7739 7739
5262 6274 6650 6794 6990 7088 7253 7253 7253 7253 7348 7348 7348 7386 7390 7542 7542 7542 7542 7542 7559 7637 7706 7706 7706 7706 7706 7706 7735 7735 7741 7741 7741 7741 7741 7741 7741 7741 7741 7741 7741 7741 7741 7741 7741 7741 7741 7741 7741 7741
3441 4533 5283 5983 6341 6826 6869 7164 7308 7358 7449 7449 7449 7449 7452 7452 7452 7452 7481 7513 7592 7592 7592 7592 7592 7669 7669 7733 7733 7733 7733 7735 7735 7741 7741 7741 7741 7741 7741 7741 7741 7741 7741 7741 7741 7741 7741 7741 7741 7741
4723 5296 6371 6876 6876 6994 7048 7234 7234 7271 7352 7393 7393 7415 7423 7423 7433 7471 7531 7537 7537 7593 7657 7657 7657 7669 7669 7671 7671 7694 7701 7701 7701 7701 7701 7701 7722 7722 7722 7722 7722 7722 7722 7733 7739 7739 7739 7739 7739 7739
4470 5517 6508 6513 6739 6739 7377 7469 7469 7469 7482 7516 7660 7660 7660 7660 7660 7694 7710 7722 7722 7722 7722 7722 7722 7722 7722 7722 7722 7733 7739 7739 7739 7739 7739 7741 7741 7741 7741 7741 7741 7741 7741 7741 7741 7741 7741 7741 7741 7741
4493 5656 6071 6071 7390 7390 7390 7390 7390 7438 7438 7438 7438 7461 7529 7531 7535 7558 7669 7692 7692 7694 7694 7707 7707 7707 7707 7707 7707 7707 7707 7707 7707 7707 7707 7707 7707 7707 7707 7707 7707 7707 7707 7707 7707 7707 7707 7707 7707 7707
4071 5228 6249 6459 7104 7104 7104 7151 7168 7372 7404 7404 7425 7425 7458 7481 7481 7481 7534 7534 7587 7587 7587 7587 7587 7611 7617 7644 7653 7674 7700 7700 7700 7700 7700 7700 7700 7700 7700 7700 7700 7700 7700 7700 7700 7700 7700 7700 7700 7700
3292 5232 6136 6573 6843 7204 7209 7209 7297 7342 7455 7468 7503 7510 7635 7635 7667 7667 7667 7667 7667 7700 7700 7700 7700 7700 7700 7700 7700 7700 7700 7700 7700 7700 7700 7700 7700 7700 7700 7700 7700 7700 7700 7700 7700 7700 7700 7700 7700 7700
5201 5696 5987 6544 7092 7158 7158 7175 7239 7359 7359 7468 7517 7543 7617 7617 7622 7622 7662 7675 7675 7692 7692 7719 7719 7734 7734 7734 7738 7738 7761 7761 7761 7761 7761 7761 7761 7761 7761 7761 7761 7761 7761 7761 7761 7761 7761 7761 7761 7761
4543 5256 6648 6648 6996 7212 7212 7263 7263 7320 7322 7373 7392 7397 7532 7532 7597 7597 7597 7597 7600 7606 7666 7666 7666 7666 7666 7734 7734 7734 7734 7734 7734 7734 7734 7734 7734 7734 7734 7734 7734 7734 7734 7734 7734 7739 7739 7739 7739 7739
4740 6214 6214 6214 6663 6783 6912 7273 7456 7485 7485 7485 7485 7532 7548 7575 7575 7649 7657 7657 7709 7709 7709 7709 7715 7715 7719 7719 7719 7719 7719 7719 7719 7719 7719 7719 7719 7719 7719 7719 7719 7719 7719 7719 7719 7719 7719 7719 7719 7719
5092 5192 6532 6876 6876 6876 6935 6955 7070 7259 7268 7368 7392 7392 7392 7392 7392 7449 7449 7524 7524 7657 7657 7761 7761 7761 7761 7761 7761 7761 7761 7761 7761 7761 7761 7761 7761 7761 7761 7761 7761 7761 7761 7761 7761 7761 7761 7761 7761 7761
5311 5705 6910 7111 7266 7266 7266 7326 7443 7499 7499 7499 7499 7521 7521 7565 7597 7627 7683 7683 7683 7683 7683 7725 7725 7735 7735 7735 7735 7735 7741 7741 7741 7741 7741 7741 7741 7741 7741 7741 7741 7741 7741 7741 7741 7741 7741 7741 7741 7741
5246 6561 6661 6765 6824 7291 7291 7335 7403 7433 7456 7469 7469 7469 7497 7497 7501 7507 7522 7522 7611 7611 7611 7611 7611 7611 7611 7667 7667 7667 7700 7700 7700 7700 7700 7700 7700 7700 7700 7700 7700 7700 7700 7700 7700 7700 7700 7700 7700 7700
3937 5662 6293 7172 7172 7193 7286 7366 7366 7486 7492 7492 7492 7492 7615 7615 7615 7707 7707 7707 7707 7707 7707 7707 7707 7712 7712 7733 7733 7733 7734 7734 7734 7734 7739 7739 7739 7739 7739 7739 7739 7741 7741 7741 7741 7741 7741 7741 7741 7741
4435 5667 5881 6373 6500 6830 6981 7626 7626 7626 7626 7626 7626 7626 7626 7626 7626 7626 7626 7648 7648 7648 7648 7676 7676 7683 7707 7707 7707 7707 7707 7707 7707 7707 7707 7707 7707 7707 7707 7707 7707 7707 7707 7707 7707 7707 7707 7707 7707 7707
3933 6279 6443 7051 7187 7187 7347 7347 7347 7360 7394 7406 7442 7507 7525 7533 7615 7615 7615 7615 7627 7656 7662 7691 7713 7713 7739 7758 7758 7758 7758 7758 7758 7758 7758 7758 7758 7758 7758 7758 7758 7758 7758 7758 7758 7758 7758 7758 7758 7758
3491 5650 6761 6792 6868 7186 7186 7264 7264 7287 7443 7443 7443 7443 7443 7443 7493 7653 7653 7653 7653 7653 7653 7653 7653 7653 7679 7712 7758 7758 7758 7758 7758 7758 7758 7758 7758 7758 7758 7758 7758 7758 7758 7758 7758 7758 7758 7758 7758 7758
