126383 133906 137202 137788 139466 139466 139466 139466 139466 139466 139466 139466 139466 139466 139466 139466 139466 139466 139466 139466 139466 139466 139466 139466 139466 139466 141278 141278 141278 141278 141278 141278 141278 141278 141278 141278 141278 141278 141278 141278 141278 141278 141278 141278 141278 141278 141278 141278 141278 141278
128943 139313 139313 139313 139713 139823 140391 140391 140391 140391 140391 140391 140391 140391 140391 140391 140391 140391 140391 140391 140391 140391 140391 140391 140391 140391 140391 140391 140391 140391 140391 140391 140391 140391 140391 140391 140391 140391 140391 140391 140391 140391 140391 140391 140391 140391 140391 140391 140391 140391
127993 132483 135473 138697 139828 139828 139922 139922 139922 139922 139922 140458 140458 140458 140458 140458 140458 140458 140458 140458 140458 140458 140458 140458 140458 140458 140458 140458 140458 140458 140458 140458 140458 140458 140458 140458 140458 140458 140458 140458 140458 140458 140458 140458 140458 140458 140458 140458 140458 140458
133801 133801 136051 138001 138001 139276 139276 139276 139276 139276 139276 139276 139276 139276 139967 139967 139967 139967 139967 139967 139967 139967 139967 139967 139967 139967 139967 139967 139967 139967 139967 139967 139967 139967 139967 139967 139967 139967 139967 139967 139967 139967 139967 139967 139967 139967 139967 139967 139967 139967
133728 137928 137928 137928 137928 139097 139508 139838 139838 139948 139948 139948 139948 139948 139948 139948 139948 139948 139948 139948 140333 140333 140333 140333 140333 140333 140333 140333 140333 140333 140333 140333 140333 140333 140333 140333 140333 140333 140333 140333 140333 140333 140333 140333 140333 140333 140333 140333 140333 140333
136197 137482 138982 138982 138982 139388 139817 139817 139817 139817 139817 139817 140607 140607 140607 140607 140607 140607 140607 140607 140607 140607 140607 140607 140607 140607 140607 140607 140607 140607 140607 140607 140607 140607 140607 140607 140607 140607 140607 140607 140607 140607 140607 140607 140607 140607 140607 140607 140607 140607
133105 133652 134702 137936 138977 138977 139556 139556 139556 139556 139556 139556 139556 139556 139556 139918 139918 139918 139918 139918 139918 139918 139918 139918 139918 139918 139918 139918 139918 139918 139918 139918 139918 139918 139918 139918 139918 139918 139918 139918 139918 139918 139918 139918 139918 139918 139918 139918 139918 139918
128912 137562 137562 137732 137732 138512 140132 140778 140778 140778 140778 140778 141278 141278 141278 141278 141278 141278 141278 141278 141278 141278 141278 141278 141278 141278 141278 141278 141278 141278 141278 141278 141278 141278 141278 141278 141278 141278 141278 141278 141278 141278 141278 141278 141278 141278 141278 141278 141278 141278
127489 133505 137998 138857 138857 138857 139682 139682 139682 139682 139682 141258 141258 141258 141258 141258 141258 141258 141258 141258 141258 141258 141258 141258 141258 141258 141258 141258 141258 141258 141258 141258 141258 141258 141258 141258 141258 141258 141258 141258 141258 141258 141258 141258 141258 141258 141258 141258 141258 141258
130403 135993 135993 137752 137810 137810 139713 139713 139713 139713 139713 139713 139713 139713 139713 139713 139713 139713 139713 139713 139713 139713 139998 139998 139998 139998 139998 139998 139998 139998 139998 139998 139998 139998 139998 139998 139998 139998 139998 139998 139998 139998 139998 139998 139998 139998 139998 139998 139998 139998
128923 136398 136398 136998 138147 139053 139983 139983 139983 139983 139983 139983 139983 139983 140153 140153 140153 140297 140297 140297 140297 140297 140297 140297 140297 140297 140297 140297 140297 140297 140297 140297 140297 140297 140297 140297 140297 140297 140297 140297 140297 140297 140297 140297 140297 140297 140297 140297 140297 140297
131207 131207 137037 137037 137037 137437 137437 137437 138097 138097 138097 138587 138587 138587 138587 138587 138587 138587 139438 139438 139438 140618 140618 140618 140618 140618 140618 140618 140618 140618 140618 140618 140618 140618 140618 140618 140618 140618 140618 140618 140618 140618 140618 140618 140618 140618 140618 140618 140618 140618
132730 137551 137551 137750 137750 137792 138787 141137 141137 141137 141137 141137 141137 141137 141148 141148 141148 141148 141148 141148 141148 141148 141148 141148 141148 141148 141148 141148 141148 141148 141148 141148 141148 141148 141148 141148 141148 141148 141148 141148 141148 141148 141148 141148 141148 141148 141148 141148 141148 141148
129322 133875 134585 137697 137697 139067 139067 139067 139067 139067 139067 139067 139067 139067 139067 139067 139067 139067 139067 139067 139067 139067 139067 139067 139067 139067 139067 139067 139067 139067 139067 139067 139067 139067 139067 139067 140033 140033 140033 140033 140033 140033 140033 140033 140033 140033 140033 140033 140033 140033
125601 134841 137741 138943 140281 140348 140348 140348 140508 140508 140508 140508 140508 140508 140508 140508 140508 140508 140508 140508 140508 140508 140508 140508 140508 140508 140508 140508 140508 140508 140508 140508 140508 140508 140508 140508 140508 140508 140508 140508 140508 140508 140508 140508 140508 140508 140508 140508 140508 140508
134052 137150 138085 139556 139556 139556 139792 139792 139792 140048 140048 140048 140048 140048 140778 140778 140778 140778 140778 140778 140778 140778 140778 140778 140778 140778 140778 140778 140778 140778 140778 140778 140778 140778 140778 140778 140778 140778 140778 140778 140778 140778 140778 140778 140778 140778 140778 140778 140778 140778
133197 138927 138927 139438 139438 139438 139438 139608 140668 140668 141098 141098 141098 141098 141098 141098 141098 141098 141098 141098 141098 141098 141098 141098 141098 141098 141098 141098 141098 141098 141098 141098 141098 141098 141098 141098 141098 141098 141098 141098 141098 141098 141098 141098 141098 141098 141098 141098 141098 141098
119764 134392 135310 137116 137456 139176 139176 139435 139435 139435 139435 139435 139435 139435 139435 139435 139435 139435 139435 139435 139435 139697 139697 139697 140097 140097 140097 140097 140097 140097 140097 140097 140097 140097 140097 140097 140097 140097 140097 140097 140097 140097 140097 140097 140097 140097 140097 140097 140097 140097
138523 139313 139313 139983 139983 139983 139983 139983 139983 139983 140391 140391 140391 140391 140391 140391 140391 140391 140391 140391 140391 140391 140391 140391 140391 140391 140391 140391 140391 140391 140391 140391 140391 140391 140391 140391 140391 140391 140391 140391 140391 140391 140391 140391 140391 140391 140391 140391 140391 140391
129013 131118 135613 139958 139958 139958 139958 139958 139958 139958 139958 139958 139958 139958 139958 139958 139958 139958 139958 139958 139958 139958 139958 139958 139958 139958 139958 139958 139958 139958 139958 139958 139958 139958 139958 139958 139958 139958 139958 139958 139958 139958 139958 139958 139958 139958 139958 139958 139958 139958
132890 133077 135362 136642 136852 137508 138867 139377 139377 139377 139377 139487 139487 139487 139487 139487 139487 139487 139487 139487 139487 139487 139487 139487 139487 139487 139487 139487 139487 139487 139487 139487 139487 140407 140407 140407 140407 140407 140407 140407 140407 140407 140407 140407 140407 140407 140407 140407 140407 140407
133168 136778 136778 138538 138538 138538 138538 138538 138538 138538 138748 139658 139658 139658 139658 139658 139658 139708 139708 140048 140048 140048 140048 140048 140048 140048 140048 140048 140048 140048 140048 140048 140048 140048 140048 140048 140048 140048 140048 140048 140048 140048 140048 140048 140048 140048 140048 140048 140048 140048
134361 136155 136155 136550 137862 138037 139668 139668 139668 139668 139668 140348 140348 140348 140348 140988 140988 140988 140988 140988 140988 140988 140988 140988 140988 140988 140988 140988 140988 140988 140988 140988 140988 140988 140988 140988 140988 140988 140988 140988 140988 140988 140988 140988 140988 140988 140988 140988 140988 140988
130022 137147 137147 137147 137147 137147 137443 137443 138150 138150 138150 138150 138660 139352 139410 139410 139410 139410 139410 139410 139410 139918 139918 139918 139918 139918 139918 139918 139918 139918 139918 139918 139918 139918 139918 139918 139918 139918 139918 139918 139918 139918 139918 139918 139918 139918 139918 139918 139918 139918
129443 134418 134718 137338 137338 139236 139236 140128 140786 140786 140786 140786 140786 140786 140786 140786 140786 140786 140786 140786 140786 140786 140786 140786 140786 140786 140786 140786 140786 140786 140786 140786 140786 140786 140786 140786 140786 140786 140786 140786 140786 140786 140786 140786 140786 140786 140786 140786 140786 140786
123387 137665 137665 137836 137836 139466 139466 139466 139466 139466 139466 139466 139466 139466 139466 139466 139466 139466 139466 139466 139466 139466 139466 139466 139466 139466 139466 139466 139466 139466 139466 139466 139466 139807 139807 139807 139807 139807 139807 139807 139807 139807 139807 139807 139807 139807 139807 139807 139807 139807
129512 135112 138987 139228 139768 139917 139917 139917 140037 140037 140037 140037 140037 140037 140037 140037 140037 140037 140477 140477 140477 140477 140477 140477 140477 140477 140477 140477 140477 140477 140477 140477 140477 140477 140477 140477 140477 140477 140477 140477 140477 140477 140477 140477 140477 140477 140477 140477 140477 140477
127563 130555 133768 137378 137686 137686 137927 139773 139773 139773 139773 139773 139773 139773 139773 139773 139773 139773 139773 139773 139773 139773 139773 139773 139773 139773 139773 139773 139773 139773 139778 139778 139778 139778 139778 139778 139778 139778 139778 140097 140097 140097 140097 140097 140097 140097 140097 140097 140097 140097
120406 136038 138577 138907 138907 140187 140187 140263 140263 140263 140263 140263 140263 140263 140263 140412 140412 140412 140412 140412 140412 140412 140412 140412 140412 140412 140412 140412 140412 140412 140412 140412 140412 140412 140412 140412 140412 140412 140412 140412 140412 140412 140412 140412 140412 140412 140412 140412 140412 140412
128953 137545 138236 138236 138346 138346 138661 138661 138661 138661 138661 138877 139008 139728 139728 139728 139728 139987 139987 139987 139987 139987 140668 140668 140668 140668 140668 140668 140668 140668 140668 140668 140668 140668 140668 140668 140668 140668 140668 140668 140668 140668 140668 140668 140668 140668 140668 140668 140668 140668
