-456899999999999999997937 -456899999999999999997937 -255299999999999999997587 -1099999999999999997708 2326 2326 2326 3930 3930 4018 4018 4018 4594 4663 4813 6204 6204 6204 6204 6710 6810 6810 6930 6930 6930 6930 6930 6930 7195 7195 7195 7195 7195 7195 7195 7195 7195 7195 7195 7202 7202 7202 7226 7226 7226 7226 7242 7242 7242 7242
-491899999999999999997548 -270599999999999999997280 3081 3081 3081 3480 4023 4023 4023 4217 4217 5122 5122 5122 5735 5735 5735 5735 6047 6047 6047 6047 6087 6087 6087 6107 6318 6318 6318 6702 7206 7206 7206 7206 7206 7209 7380 7380 7380 7445 7445 7445 7445 7445 7445 7445 7445 7445 7445 7445
-296999999999999999997902 3275 3447 4488 4689 4689 4689 4809 6336 6336 6336 6336 6336 6336 6336 6336 6955 6955 6955 6984 6984 7053 7053 7402 7402 7402 7402 7402 7402 7402 7402 7402 7402 7402 7490 7490 7490 7490 7490 7490 7490 7490 7490 7490 7490 7490 7490 7490 7490 7490
-1183699999999999999996798 -321799999999999999994049 3698 4142 4142 5041 5041 5326 5937 6375 6674 6716 6716 6981 7091 7091 7091 7167 7192 7192 7192 7192 7192 7334 7334 7334 7334 7334 7334 7334 7334 7334 7334 7334 7334 7334 7334 7334 7334 7334 7334 7334 7334 7334 7392 7392 7392 7392 7392 7392
-1507599999999999999996222 -651699999999999999996128 2147 2751 2751 3723 3723 4105 4423 4423 4993 4993 5116 5641 6427 6427 6427 6427 6427 6427 6442 6442 6532 6532 7018 7018 7018 7018 7018 7221 7221 7221 7221 7221 7221 7221 7221 7221 7221 7381 7381 7381 7381 7381 7381 7381 7381 7381 7381 7381
-204499999999999999995672 -204499999999999999995672 -6499999999999999997808 2820 5339 5339 5339 5339 5369 5823 5823 5823 5823 6716 6716 6716 6716 6716 6716 6716 6716 6716 7006 7006 7006 7006 7006 7006 7006 7006 7006 7006 7006 7006 7192 7192 7327 7327 7327 7381 7462 7462 7462 7462 7462 7512 7512 7512 7512 7539
-406099999999999999997420 2349 2929 3401 3401 4096 4118 4118 4118 4118 5553 5553 5580 6961 6961 6961 6961 6961 6961 6961 6961 7129 7300 7300 7300 7300 7300 7392 7392 7411 7411 7411 7411 7411 7411 7411 7411 7411 7533 7533 7533 7554 7554 7554 7554 7554 7554 7554 7554 7554
-767399999999999999996833 -385699999999999999996505 1600 1600 3145 3678 3678 3678 3678 4451 4759 4759 4847 4916 5613 5613 5872 5872 6408 6408 6455 6680 6680 6822 6822 6822 6822 7319 7347 7347 7382 7382 7382 7382 7382 7382 7382 7382 7382 7463 7463 7463 7463 7463 7463 7463 7463 7511 7511 7511
-642799999999999999997517 1985 5007 5007 5007 5007 5007 5007 5408 5408 5827 5934 5934 6120 6710 6710 6710 7121 7121 7121 7121 7121 7121 7121 7302 7431 7431 7431 7431 7431 7462 7462 7480 7480 7480 7480 7480 7480 7480 7480 7480 7480 7480 7480 7480 7480 7480 7480 7480 7480
-126699999999999999998044 3365 3365 3365 3851 3851 4833 4833 4833 5731 5731 5731 6104 6396 6396 6396 6425 6425 6425 6449 6573 6573 6984 6984 6984 6984 6984 6984 6984 6984 6984 7232 7232 7232 7232 7232 7244 7244 7244 7244 7244 7244 7244 7401 7401 7401 7407 7407 7407 7407
-2061099999999999999996193 3479 3479 3479 3479 4251 4788 4788 5062 5299 6287 6287 6287 6287 6287 6554 6664 6664 6664 7083 7209 7209 7209 7209 7209 7209 7209 7209 7209 7209 7209 7209 7209 7209 7209 7221 7221 7221 7221 7221 7226 7226 7226 7226 7390 7390 7390 7390 7390 7390
-205599999999999999996162 -135199999999999999996773 4659 4659 4659 4659 4659 4659 5206 5206 5206 5361 5799 6477 6477 6477 6477 6477 6549 6549 6549 6549 6887 6946 6946 6946 6946 6946 6946 7447 7447 7447 7447 7447 7447 7447 7447 7447 7447 7447 7447 7447 7447 7447 7447 7447 7447 7447 7447 7447
-1487899999999999999996689 -41099999999999999996726 3175 3175 3175 4208 4447 4489 5020 5056 5056 5841 5841 6100 6100 6140 6772 6772 6772 6886 6904 7052 7052 7052 7199 7199 7199 7199 7305 7305 7305 7309 7366 7366 7366 7453 7453 7453 7453 7453 7453 7453 7453 7453 7453 7453 7453 7453 7453 7453
-1184299999999999999995649 -126999999999999999997258 -126999999999999999997258 3360 3450 3723 4791 5146 5146 5662 5695 5943 5943 5943 5947 5975 6493 6493 6493 6493 7153 7153 7171 7171 7238 7238 7238 7238 7320 7320 7320 7320 7320 7320 7320 7395 7395 7395 7395 7415 7415 7415 7415 7415 7415 7415 7415 7460 7462 7462
-723899999999999999997665 2173 3135 3709 3709 3851 4389 4466 4862 4862 5138 5883 5883 6115 6441 6472 6949 6949 6949 6949 6949 6949 6949 6949 6949 6949 6949 6949 6949 6949 6949 6949 6949 6949 6949 6951 7001 7001 7001 7001 7001 7001 7001 7001 7001 7001 7001 7001 7001 7041
-200799999999999999995649 -169099999999999999996798 3308 5085 5085 5085 5085 5796 6291 6332 6423 7098 7098 7098 7098 7098 7098 7098 7098 7098 7143 7143 7143 7220 7220 7220 7231 7487 7487 7487 7487 7487 7487 7487 7487 7487 7487 7487 7487 7487 7487 7512 7512 7512 7512 7512 7563 7583 7583 7583
-1110499999999999999996149 -574999999999999999996903 -428299999999999999996677 3400 3400 3414 3631 4122 4122 4805 4864 5237 5237 5284 5284 5444 5583 5583 6169 6169 6169 6169 6169 6349 6349 6349 6349 6539 6539 7053 7124 7124 7124 7124 7124 7124 7124 7124 7124 7208 7208 7208 7208 7208 7208 7208 7208 7208 7208 7208
-489699999999999999997120 -65299999999999999997568 -65299999999999999997568 -399999999999999997887 2775 2775 4189 4513 4513 5161 5161 5286 5854 5854 6020 6031 6031 6108 6108 6108 6593 6593 6593 6593 6593 6593 6804 6804 6804 6877 6886 6886 6886 7003 7003 7003 7003 7003 7003 7003 7003 7003 7003 7003 7003 7003 7003 7035 7035 7035
-2020799999999999999996364 -971999999999999999997267 -34299999999999999996110 -34299999999999999996110 4294 4294 4294 5333 5333 5538 5538 5863 6004 6004 6312 6312 6312 6711 6907 6907 7246 7246 7246 7246 7246 7246 7246 7246 7246 7246 7308 7308 7308 7308 7308 7308 7308 7308 7308 7308 7476 7476 7476 7476 7476 7476 7476 7476 7476 7476
-298599999999999999995969 -103799999999999999996551 3395 3395 3780 3780 4621 4941 5244 6304 6304 6304 6304 7260 7260 7260 7260 7304 7304 7304 7304 7304 7304 7304 7333 7343 7343 7343 7343 7343 7343 7343 7374 7374 7374 7374 7374 7374 7374 7444 7575 7575 7575 7575 7575 7575 7575 7575 7575 7575
-1182799999999999999996739 -1036699999999999999994574 -246299999999999999996247 -27299999999999999995248 5463 5463 5463 5463 5463 5839 5839 6126 6966 6966 6966 6966 6968 7105 7105 7105 7105 7169 7169 7235 7235 7235 7235 7235 7235 7363 7363 7363 7363 7363 7363 7363 7363 7363 7363 7363 7363 7363 7363 7363 7363 7363 7363 7363 7363 7363
-1204599999999999999997057 -516699999999999999997383 -61199999999999999997507 3075 3513 3841 4818 4818 4818 4818 4818 5073 5073 5073 5497 5520 5595 5595 5595 5845 5845 6246 6246 6731 6731 6731 6886 6886 6886 6886 6886 7128 7128 7128 7128 7128 7128 7128 7128 7128 7128 7432 7432 7432 7432 7432 7432 7432 7432 7432
-492499999999999999997661 2157 3489 3819 4262 4262 4262 4262 4409 5238 5238 5238 5238 5301 5301 5552 6126 6126 6126 6175 6249 6249 6646 6646 6646 6646 7256 7307 7417 7417 7417 7417 7417 7417 7417 7417 7417 7417 7417 7417 7417 7417 7417 7417 7417 7417 7417 7417 7417 7417
-1352799999999999999994996 -1093299999999999999996180 -65699999999999999994415 -65699999999999999994415 -12899999999999999997308 2953 4865 5115 5115 5115 5513 5513 5565 5565 5565 5565 5803 5803 5803 5803 5803 5803 5947 5947 5947 6248 6919 6919 6919 6919 6919 6919 6919 6919 6919 7136 7136 7136 7136 7136 7136 7136 7136 7136 7136 7136 7136 7136 7136 7136
-483999999999999999997403 -176099999999999999996732 4121 4121 4342 4978 6253 6253 6253 6253 6253 6253 6407 6407 6844 6844 6987 7313 7313 7313 7313 7313 7313 7313 7313 7313 7313 7313 7313 7313 7313 7313 7313 7313 7342 7342 7342 7342 7342 7342 7342 7342 7342 7342 7342 7342 7342 7342 7365 7365
-300699999999999999996559 -140899999999999999995610 4077 4146 4258 4784 4784 5005 5478 5478 5829 5829 5829 5829 6611 6611 6611 6611 6611 6611 6743 6743 6743 6743 7121 7121 7121 7121 7121 7121 7121 7121 7121 7121 7121 7121 7121 7121 7121 7121 7202 7273 7273 7273 7273 7273 7273 7273 7273 7273
-197099999999999999997113 -68399999999999999997121 2074 3871 3871 4117 4832 4832 5043 5043 5356 6182 6182 6927 6927 6927 6927 6927 7032 7032 7032 7032 7081 7301 7362 7362 7362 7362 7362 7362 7362 7362 7362 7362 7362 7362 7362 7362 7362 7362 7362 7362 7362 7455 7455 7455 7545 7545 7545 7545
-1460199999999999999998737 -68999999999999999997530 3722 3722 3722 3722 3722 4139 4295 5062 5062 5062 5173 5173 5173 5985 5985 5985 5985 5985 5985 6474 6474 6557 6557 6584 6602 6602 6602 6602 7065 7065 7065 7065 7065 7065 7065 7065 7065 7367 7434 7434 7434 7434 7449 7449 7449 7449 7449 7449
-1490899999999999999997043 -189799999999999999998208 -45399999999999999997389 3016 3041 4488 4488 4488 4549 5037 5255 5255 5301 5301 5301 5301 5616 5616 6059 6700 6700 6933 6933 7023 7023 7023 7023 7023 7023 7023 7187 7187 7187 7187 7214 7214 7214 7214 7214 7214 7349 7349 7349 7349 7349 7435 7435 7435 7435 7435
-1242299999999999999996395 -154799999999999999996772 -2299999999999999997178 4347 4347 4347 4830 4894 5195 5473 5498 6447 6447 6447 6447 6816 6816 6912 6912 6912 7057 7057 7057 7057 7057 7057 7057 7116 7278 7278 7278 7278 7278 7278 7278 7390 7390 7390 7390 7390 7390 7390 7390 7390 7390 7390 7390 7390 7390 7390
