873650 946765 946765 947718 1021297 984965 984965 984965 984965 984965 984965 984965 984965 984965 984965 984965 984965 984965 984965 984965 984965 984965 984965 990167 990167 990167 990167 990167 997905 997905 997905 997905 997905 997905 997905 997905 997905 997905 997905 997905 997905 997905 997905 997905 997905 997905 997905 997905 997905 997905
881157 941175 957031 1025140 1025140 1025140 1025140 1025140 1025140 1025140 1025140 1025140 1025140 1025140 1025140 1025140 1025140 1025140 1025140 1025140 1025140 1025140 1025140 1025140 1025140 1025140 1025140 1025140 1025140 1025140 1025140 1025140 1025140 1025140 1025140 1025140 1025140 1025140 1025140 1025140 1025140 1025140 1025140 1025140 1025140 1025140 1025140 1025140 1025140 1025140
914085 914085 948755 967278 967278 967278 969457 989662 989662 989662 989662 989662 989662 989662 989662 989662 989662 989662 989662 989662 989662 989662 989662 989662 989662 989662 989662 989662 989662 989662 989662 989662 989662 989662 989662 989662 989662 989662 989662 989662 989662 989662 989662 989662 989662 989662 989662 989662 989662 989662
911207 951888 975600 975600 975600 975600 975600 975600 975600 975600 975600 995301 995301 995301 995301 995301 995301 995301 995301 995301 995301 995301 995301 995301 995301 995301 995301 995301 995301 995301 995301 995301 995301 995301 995301 995301 995301 995301 995301 995301 995301 995301 995301 995301 995301 995301 995301 995301 995301 995301
884058 908846 945592 954865 988181 969133 969133 969133 969133 969133 969133 982012 985062 985847 990932 990932 990932 990932 990932 990932 990932 990932 990932 990932 990932 990932 990932 990932 990932 990932 990932 990932 990932 990932 990932 990932 990932 990932 990932 990932 990932 990932 990932 990932 990932 990932 990932 990932 990932 990932
889846 963549 975233 976278 980797 980797 980797 980797 980797 980797 980797 980797 980797 980797 980797 980797 980797 980797 980797 980797 980797 980797 980797 980797 980797 980797 980797 980797 980797 980797 980797 980797 980797 980797 980797 980797 980797 980797 980797 980797 980797 980797 980797 980797 980797 980797 980797 980797 980797 980797
905953 954426 958758 973249 975594 975594 975594 978365 978365 985313 985313 985313 985313 985313 1004159 1004159 1010774 1010774 1010774 1010774 1010774 1010774 1010774 1010774 1010774 1010774 1010774 1010774 1010774 1010774 1010774 1010774 1010774 1010774 1010774 1010774 1010774 1010774 1010774 1010774 1010774 1010774 1010774 1010774 1010774 1010774 1010774 1010774 1010774 1010774
876244 926281 945474 947258 992759 992759 992759 992759 992759 992759 992759 992759 992759 992759 992759 992759 992759 992759 992759 992759 992759 992759 992759 992759 992759 992759 992759 992759 994183 994183 994183 994183 994183 994183 994183 994183 994183 994183 994183 994183 994183 994183 994183 994183 994183 994183 994183 994183 994183 994183
875307 960167 975047 975047 975047 975047 975047 979157 988901 1004324 1004324 1004324 1004324 1004324 1004324 1004324 1004324 1004324 1004324 1004324 1004324 1004324 1004324 1004324 1004324 1004324 1004324 1011272 1004324 1004324 1004324 1004324 1004324 1004324 1004324 1004324 1004324 1004324 1004324 1004324 1004324 1004324 1004324 1004324 1004324 1004324 1004324 1004324 1004324 1004324
922534 922534 941859 942473 961179 983258 983794 983794 983794 995132 995132 995132 995132 995132 995132 995132 995132 995132 995132 995132 995132 995132 995132 995132 995132 995132 995132 995132 995132 995132 995132 995132 995132 995132 995132 995132 995132 995132 995132 995132 995132 995132 995132 995132 995132 995132 995132 995132 995132 995132
912967 918591 956027 973876 973876 978972 985836 985836 985836 990223 990223 993713 993713 993713 993713 993713 993713 993713 993713 993713 993713 993713 993713 993713 993713 993713 993713 993713 993713 993713 993713 993713 993713 993713 993713 993713 993713 993713 993713 993713 993713 993713 993713 993713 993713 993713 993713 993713 993713 993713
858491 938530 968736 968736 976714 976714 1006493 1006493 1006493 1006493 1006493 1006493 1006493 1006493 1006493 1006493 1006493 1006493 1006493 1006493 1006493 1006493 1006493 1006493 1006493 1006493 1006493 1006493 1006493 1006493 1006493 1006493 1006493 1006493 1006493 1006493 1006493 1006493 1006493 1006493 1006493 1006493 1006493 1006493 1006493 1006493 1006493 1006493 1006493 1006493
892947 963333 963333 981548 988063 988063 988063 988063 988063 990010 990010 990010 990010 990010 990010 990010 998736 998736 998736 998736 998736 998736 998736 998736 998736 998736 998736 998736 998736 998736 998736 998736 998736 998736 998736 998736 998736 998736 998736 998736 998736 998736 998736 998736 998736 998736 998736 998736 998736 998736
920363 988381 988381 988381 988381 988381 988381 992227 992227 992227 992227 992227 1000359 1000359 1000359 1000359 1000359 1000359 1000359 1000359 1000359 1000359 1000359 1000359 1000359 1000359 1000359 1000359 1000359 1000359 1000359 1000359 1000359 1000359 1000359 1000359 1000359 1000359 1000359 1000359 1000359 1000359 1000359 1000359 1000359 1000359 1000359 1000359 1000359 1000359
939840 939840 953936 953936 959685 972237 972237 990392 990392 990392 1002951 1002951 1002951 1002951 1002951 1002951 1002951 1002951 1002951 1002951 1002951 1002951 1002951 1002951 1002951 1002951 1002951 1002951 1002951 1002951 1002951 1002951 1002951 1002951 1002951 1002951 1002951 1002951 1002951 1002951 1002951 1002951 1002951 1002951 1002951 1002951 1002951 1002951 1002951 1002951
905800 921168 965604 965604 965604 965604 1007241 1007241 1007241 1007241 1007241 1007241 1007241 1007241 1007241 1007241 1007241 1007241 1007241 1007241 1007241 1007241 1007241 1007241 1007241 1007241 1007241 1007241 1007241 1007241 1007241 1007241 1007241 1007241 1007241 1007241 1007241 1007241 1007241 1007241 1007241 1007241 1007241 1007241 1007241 1007241 1007241 1007241 1007241 1007241
887347 943389 943389 948913 970276 970276 970276 970276 971111 971111 979076 984089 984089 984089 984089 984089 984089 984089 984089 984089 984089 984089 984089 984089 984089 995317 995317 995317 995317 995317 995317 995317 995317 995317 995317 995317 995317 995317 995317 995317 995317 995317 995317 995317 995317 995317 995317 995317 995317 995317
902071 951530 954812 954812 1005875 1005875 1005875 1005875 1005875 1005875 1005875 1005875 1005875 1005875 1005875 1005875 1005875 1005875 1005875 1005875 1005875 1005875 1005875 1005875 1005875 1005875 1013537 1005875 1005875 1005875 1005875 1005875 1005875 1005875 1005875 1005875 1005875 1005875 1005875 1005875 1005875 1005875 1005875 1005875 1005875 1005875 1005875 1005875 1005875 1005875
912457 952582 953794 1006210 1006210 1014559 1014559 1014559 1014559 1014559 1014559 1014559 1043571 1043571 1043571 1043571 1043571 1043571 1043571 1043571 1043571 1043571 1043571 1043571 1043571 1043571 1043571 1043571 1043571 1043571 1043571 1043571 1043571 1043571 1043571 1043571 1043571 1043571 1043571 1043571 1043571 1043571 1043571 1043571 1043571 1043571 1043571 1043571 1043571 1043571
871929 983145 983145 990383 990383 990383 997930 997930 997930 997930 997930 997930 997930 997930 997930 997930 997930 997930 997930 997930 997930 997930 997930 997930 997930 997930 997930 997930 997930 997930 997930 997930 997930 997930 997930 997930 997930 997930 997930 997930 997930 997930 997930 997930 997930 997930 997930 997930 997930 997930
882949 957197 982578 982578 982578 997058 997058 997058 997058 997058 997058 997058 997058 997058 997058 1001817 1001817 1001817 1001817 1001817 1001817 1001817 1001817 1001817 1013962 1013962 1013962 1013962 1013962 1013962 1013962 1013962 1013962 1013962 1013962 1013962 1013962 1013962 1013962 1013962 1013962 1013962 1013962 1013962 1013962 1013962 1013962 1013962 1013962 1013962
902235 929539 955729 955729 959013 959324 962260 1001300 1001300 1001300 1001300 1001633 1001300 1001300 1001300 1001300 1001300 1001300 1001300 1001300 1001300 1001300 1001300 1001300 1001300 1001300 1001300 1001300 1001300 1001300 1001300 1001300 1001300 1019420 1019420 1019420 1019420 1019420 1019420 1019420 1019420 1019420 1019420 1019420 1019420 1019420 1019420 1019420 1019420 1019420
894635 922408 990280 991658 991658 991658 991658 991658 991658 991658 991658 991658 991658 991658 991658 991658 991658 991658 991658 991658 991658 991658 991658 991658 991658 991658 991658 991658 991658 991658 991658 991658 991658 991658 991658 991658 991658 991658 991658 991658 991658 991658 991658 991658 991658 991658 991658 991658 991658 991658
905446 976123 976123 980446 980446 980446 980446 992506 992506 992506 992506 1000988 1000988 1000988 1000988 1000988 1000988 1000988 1000988 1000988 1000988 1000988 1000988 1000988 1000988 1000988 1000988 1000988 1000988 1000988 1000988 1000988 1000988 1000988 1000988 1000988 1000988 1000988 1000988 1000988 1000988 1000988 1000988 1000988 1000988 1000988 1000988 1000988 1000988 1000988
891944 958277 980977 987942 1004183 1004183 1004183 1004183 1004183 1004183 1004183 1004183 1004183 1004183 1004183 1004183 1004183 1004183 1004183 1004183 1004183 1004183 1004183 1004183 1004183 1004183 1004183 1004183 1004183 1004183 1004183 1004183 1004183 1004183 1004183 1004183 1004183 1004183 1004183 1004183 1004183 1004183 1004183 1004183 1004183 1004183 1004183 1004183 1004183 1004183
922722 930423 959200 959200 959200 1007906 1010150 1010150 1010150 1010150 1010150 1010150 1010150 1010150 1010150 1010150 1010150 1010150 1010150 1010150 1010150 1010150 1010150 1010150 1010150 1010150 1010150 1010150 1010150 1010150 1010150 1010150 1010150 1010150 1010150 1010150 1010150 1010150 1010150 1010150 1010150 1010150 1010150 1010150 1010150 1010150 1010150 1010150 1010150 1010150
896539 958478 958478 976168 976168 987397 987397 987397 987397 987397 987397 987397 998779 998779 1001143 1001143 1001143 1001143 1001143 1001143 1001143 1001143 1001143 1001143 1001143 1001143 1001143 1001143 1001143 1001143 1001143 1001143 1001143 1001143 1001143 1001143 1001143 1001143 1001143 1001143 1001143 1001143 1001143 1001143 1001143 1001143 1001143 1001143 1001143 1001143
888536 920939 974630 974630 992340 992340 992340 992340 992340 992340 1008946 1008946 1008946 1008946 1017188 1017188 1017188 1017188 1017188 1017188 1017188 1017188 1017188 1017188 1017188 1017188 1017188 1017188 1017188 1017188 1017188 1017188 1017188 1017188 1017188 1017188 1017188 1017188 1017188 1017188 1017188 1017188 1017188 1017188 1017188 1017188 1017188 1017188 1017188 1017188
928152 956864 970839 986696 997871 997871 997871 997871 997871 1004776 1004776 1004776 1004776 1004776 1004776 1004776 1004776 1004776 1004776 1004776 1004776 1004776 1004776 1004776 1004776 1004776 1004776 1004776 1004776 1004776 1004776 1004776 1004776 1004776 1004776 1004776 1004776 1004776 1004776 1004776 1004776 1004776 1004776 1004776 1004776 1004776 1004776 1004776 1004776 1004776
875695 929129 935734 970186 987625 987625 987625 987625 987625 987625 987625 987625 987625 987625 987625 989369 989369 989369 989369 989369 989369 1001252 1001252 1001252 1001252 1001252 1001252 1001252 1001252 1001252 1001252 1001252 1001252 1001252 1001252 1001252 1001252 1001252 1001252 1001252 1001252 1001252 1001252 1001252 1001252 1001252 1001252 1001252 1001252 1001252
