951178 983986 983986 983986 990088 990088 1010481 1010481 1010481 1010481 1010481 1010481 1010481 1010481 1010481 1010481 1010481 1010481 1010481 1010481 1010481 1010481 1010481 1010481 1010481 1010481 1014351 1014351 1014351 1014351 1014351 1014351 1014351 1014351 1014351 1014351 1014351 1014351 1014351 1014351 1014351 1014351 1014351 1014351 1014351 1014351 1014351 1014351 1014351 1014351
926855 981630 1011482 1011482 1011482 1029283 1029283 1029283 1029283 1029283 1029283 1029283 1029283 1029283 1029283 1029283 1029283 1029283 1029283 1029283 1029283 1029283 1029283 1029283 1029283 1029283 1029283 1029283 1029283 1029283 1029283 1029283 1029283 1029283 1029283 1029283 1029283 1029283 1029283 1029283 1029283 1029283 1029283 1029283 1029283 1029283 1029283 1029283 1029283 1029283
956462 975234 1003211 1021815 1021815 1021815 1021815 1021815 1021815 1021815 1021815 1021815 1021815 1021815 1021815 1021815 1021815 1021815 1021815 1021815 1021815 1021815 1021815 1021815 1021815 1021815 1021815 1021815 1021815 1021815 1021815 1021815 1021815 1021815 1021815 1021815 1021815 1021815 1021815 1021815 1021815 1021815 1021815 1021815 1021815 1021815 1021815 1021815 1021815 1021815
929993 974043 974043 978688 994064 994064 1015979 1015979 1022585 1022585 1023563 1023563 1023563 1023563 1023563 1023563 1023563 1023563 1023563 1023563 1023563 1023563 1023563 1023563 1023563 1023563 1023563 1023563 1023563 1023563 1023563 1023563 1023563 1023563 1023563 1023563 1023563 1023563 1023563 1023563 1023563 1023563 1023563 1023563 1023563 1023563 1023563 1023563 1023563 1023563
975483 999380 999380 999380 999380 1002017 1029349 1029349 1029349 1029349 1029349 1029349 1029349 1029349 1029349 1029349 1029349 1029349 1029349 1029349 1029349 1029349 1029349 1029349 1029349 1029349 1029349 1029349 1029349 1029349 1029349 1029349 1029349 1029349 1029349 1029349 1029349 1029349 1029349 1029349 1029349 1029349 1029349 1029349 1029349 1029349 1029349 1029349 1029349 1029349
969397 969397 1003181 1003181 1003181 1003181 1003181 1003181 1003181 1009514 1009514 1009514 1009514 1009514 1009514 1009514 1009514 1009514 1009514 1009514 1009514 1009514 1009514 1009514 1009514 1009514 1009514 1009514 1009514 1009514 1009514 1009514 1009514 1009514 1009514 1009514 1009514 1009514 1009514 1009514 1009514 1009514 1009514 1009514 1009514 1009514 1009514 1009514 1009514 1009514
940091 994824 994824 995417 999717 1004073 1013465 1013465 1013465 1013465 1013465 1013465 1013465 1013465 1013465 1013465 1013465 1013465 1013465 1013465 1013465 1013465 1013465 1013465 1013465 1013465 1013465 1013465 1013465 1013465 1013465 1013465 1013465 1013465 1013465 1013465 1013465 1013465 1013465 1013465 1013465 1013465 1013465 1013465 1013465 1013465 1013465 1013465 1013465 1013465
922198 940200 964017 982809 982809 982809 984032 992670 992670 992670 992670 992670 992670 992670 992670 992670 992670 992670 992670 992670 992670 992670 992670 992670 992670 992670 992670 992670 992670 992670 992670 992670 992670 992670 992670 992670 992670 992670 1010246 1010246 1010246 1010246 1010246 1010246 1010246 1010246 1010246 1010246 1010246 1010246
947269 957551 991090 994011 1001691 1004511 1004511 1004511 1004511 1004511 1004511 1004511 1004511 1004511 1004511 1004511 1004511 1004511 1004511 1004511 1004511 1004511 1004511 1004511 1004511 1004511 1015256 1015256 1015256 1015256 1015256 1015256 1015256 1015256 1015256 1015256 1015256 1015256 1015256 1015256 1015256 1015256 1015256 1015256 1015256 1015256 1015256 1015256 1015256 1015256
941075 994757 997173 997173 1037791 1037791 1037791 1037791 1037791 1037791 1037791 1037791 1037791 1037791 1037791 1037791 1037791 1037791 1037791 1037791 1037791 1037791 1037791 1037791 1037791 1037791 1037791 1037791 1037791 1037791 1037791 1037791 1037791 1037791 1037791 1037791 1037791 1037791 1037791 1037791 1037791 1037791 1037791 1037791 1037791 1037791 1037791 1037791 1037791 1037791
961124 991167 991167 991167 999024 999024 999024 999024 999024 999024 999024 999024 999024 999024 999024 999024 999024 999024 999024 999024 999024 999024 999024 999024 999024 999024 999024 999024 999024 999024 999024 999024 999024 999024 999024 999024 999024 999024 999024 999024 999024 999024 999024 999024 999024 999024 999024 999024 999024 999024
961960 972007 1047223 1047223 1047223 1047223 1047223 1047223 1047223 1047223 1047223 1047223 1047223 1047223 1047223 1047223 1047223 1047223 1047223 1047223 1047223 1047223 1047223 1047223 1047223 1047223 1047223 1047223 1047223 1047223 1047223 1047223 1047223 1047223 1047223 1047223 1047223 1047223 1047223 1047223 1047223 1047223 1047223 1047223 1047223 1047223 1047223 1047223 1047223 1047223
964867 989724 989724 989724 1010367 1010367 1010367 1010367 1010367 1010367 1024545 1024545 1024545 1024545 1024545 1024545 1024545 1024545 1024545 1024545 1024545 1024545 1024545 1024545 1024545 1024545 1024545 1024545 1024545 1024545 1024545 1024545 1024545 1024545 1024545 1024545 1024545 1024545 1024545 1024545 1024545 1024545 1024545 1024545 1024545 1024545 1024545 1024545 1024545 1024545
949496 981679 990998 990998 995764 995764 995764 995764 995764 1002969 1002969 1002969 1002969 1002969 1002969 1002969 1002969 1002969 1002969 1002969 1002969 1002969 1002969 1002969 1002969 1002969 1002969 1002969 1002969 1002969 1002969 1002969 1002969 1002969 1002969 1002969 1002969 1002969 1002969 1002969 1002969 1002969 1002969 1002969 1002969 1002969 1002969 1002969 1002969 1002969
946599 1016399 1016399 1016399 1016399 1016399 1016399 1016399 1016399 1022965 1022965 1022965 1022965 1022965 1022965 1022965 1022965 1022965 1022965 1022965 1022965 1022965 1022965 1022965 1022965 1022965 1022965 1022965 1022965 1022965 1022965 1022965 1022965 1022965 1022965 1022965 1022965 1022965 1022965 1022965 1022965 1022965 1022965 1022965 1022965 1022965 1022965 1022965 1022965 1022965
952616 973722 980095 1001177 1003701 1003701 1003701 1018012 1018012 1018012 1018012 1018012 1018012 1018012 1018012 1018012 1018012 1018012 1018012 1018012 1018012 1018012 1018012 1018012 1018012 1018012 1018012 1018012 1018012 1018012 1018012 1018012 1018012 1018012 1026696 1026696 1026696 1026696 1026696 1026696 1026696 1026696 1026696 1026696 1026696 1026696 1026696 1026696 1026696 1026696
966488 975599 977060 984661 994620 997978 997978 997978 997978 997978 997978 999731 999731 999731 999731 999731 999731 999731 999731 999731 999731 999731 999731 999731 999731 999731 999731 999731 999731 999731 999731 999731 999731 999731 999731 999731 999731 999731 999731 999731 999731 999731 999731 999731 999731 999731 999731 999731 999731 999731
923042 969882 983666 1013676 1013676 1013676 1024681 1024681 1024681 1024681 1024681 1024681 1024681 1024681 1024681 1024681 1024681 1024681 1024681 1024681 1024681 1024681 1024681 1024681 1024681 1024681 1024681 1024681 1024681 1024681 1024681 1024681 1024681 1024681 1024681 1024681 1024681 1024681 1024681 1024681 1024681 1024681 1024681 1024681 1024681 1024681 1024681 1024681 1024681 1024681
968201 983906 984472 984472 994565 994565 994565 994565 994565 994565 994565 1005419 1005419 1005419 1005419 1005419 1005419 1005419 1005419 1005419 1005419 1005419 1005419 1005419 1005419 1005419 1005419 1005419 1005419 1005419 1005419 1005419 1005419 1005419 1005419 1005419 1005419 1005419 1005419 1005419 1005419 1005419 1005419 1005419 1005419 1005419 1005419 1005419 1005419 1005419
968361 968361 983953 1000919 1000919 1000919 1000919 1000919 1000919 1000919 1000919 1000919 1000919 1000919 1000919 1000919 1000919 1000919 1000919 1000919 1000919 1000919 1000919 1000919 1000919 1000919 1000919 1000919 1000919 1000919 1000919 1000919 1000919 1000919 1000919 1000919 1000919 1000919 1000919 1000919 1000919 1000919 1000919 1000919 1000919 1000919 1000919 1000919 1000919 1000919
963615 983107 985181 985181 989243 1003235 1003235 1003235 1003235 1003235 1003235 1003235 1003235 1003235 1003235 1003235 1003235 1003235 1003235 1003235 1003235 1003235 1003235 1003235 1003235 1003235 1003235 1003235 1003235 1003235 1003235 1003235 1003235 1003235 1003235 1003235 1003235 1003235 1003235 1003235 1003235 1003235 1003235 1003235 1003235 1003235 1003235 1003235 1003235 1003235
956591 980178 985736 994338 994338 1003297 1004931 1012139 1012139 1012139 1012139 1012139 1012139 1012139 1012139 1012139 1012139 1012139 1012536 1012536 1012536 1012536 1012536 1012536 1012536 1012536 1012536 1012536 1012536 1012536 1012536 1012536 1012536 1012536 1012536 1012536 1012536 1012536 1012536 1012536 1012536 1012536 1012536 1012536 1012536 1012536 1012536 1012536 1012536 1012536
941947 986556 986793 1018099 1018099 1018099 1018099 1027070 1027070 1027070 1027070 1027070 1027070 1027070 1027070 1027070 1043678 1043678 1043678 1043678 1043678 1043678 1043678 1043678 1043678 1043678 1043678 1043678 1043678 1043678 1043678 1043678 1043678 1043678 1043678 1043678 1043678 1043678 1043678 1043678 1043678 1043678 1043678 1043678 1043678 1043678 1043678 1043678 1043678 1043678
953736 1003018 1003018 1027501 1027501 1027501 1027501 1027501 1027501 1027501 1027501 1027501 1027501 1027501 1027501 1027501 1027501 1027501 1027501 1027501 1027501 1027501 1027501 1027501 1027501 1027501 1027501 1027501 1027501 1027501 1027501 1027501 1027501 1027501 1027501 1027501 1027501 1027501 1027501 1027501 1027501 1027501 1027501 1027501 1027501 1027501 1027501 1027501 1027501 1027501
985747 1005274 1005274 1006914 1006914 1006914 1020342 1020342 1020342 1020342 1020342 1020342 1020342 1020342 1020342 1020342 1020342 1020342 1020342 1020342 1020342 1020342 1020342 1020342 1020342 1020342 1020342 1020342 1020342 1020342 1020342 1020342 1020342 1020342 1020342 1020342 1020342 1020342 1020342 1020342 1020342 1020342 1020342 1020342 1020342 1020342 1020342 1020342 1020342 1020342
964487 985434 992855 1002197 1002197 1002197 1002197 1002197 1002197 1002197 1005564 1005564 1005564 1005564 1005564 1005564 1005564 1005564 1005564 1005564 1005564 1005564 1005564 1005564 1005564 1005564 1005564 1005564 1005564 1005564 1005564 1005564 1005564 1005564 1005564 1005564 1005564 1005564 1005564 1005564 1005564 1005564 1005564 1005564 1005564 1005564 1005564 1005564 1005564 1005564
950405 989297 996283 997724 997724 1000858 1016002 1016002 1016002 1016002 1016002 1016002 1016002 1016002 1016002 1023585 1023585 1023585 1023585 1023585 1023585 1023585 1023585 1023585 1023585 1023585 1023585 1023585 1023585 1023585 1023585 1023585 1023585 1023585 1023585 1023585 1023585 1023585 1023585 1023585 1023585 1023585 1023585 1023585 1023585 1023585 1023585 1023585 1023585 1023585
945530 994496 994496 994496 995650 995650 995650 995650 995650 995650 995650 995650 995650 995650 995650 995650 995650 995650 1006582 1006582 1006582 1006582 1006582 1006582 1006582 1006582 1006582 1006582 1006582 1006582 1006582 1006582 1006582 1006582 1006582 1006582 1006582 1006582 1006582 1006582 1006582 1006582 1006582 1006582 1006582 1006582 1006582 1006582 1006582 1006582
986614 1010252 1010252 1010252 1010252 1010252 1010252 1010252 1010252 1010252 1010252 1010252 1010252 1010252 1010252 1010252 1010252 1010252 1010252 1010252 1010252 1010252 1010252 1010252 1010252 1010252 1010252 1010252 1010252 1010252 1010252 1010252 1010252 1010252 1010252 1010252 1010252 1010252 1010252 1010252 1010252 1010252 1010252 1010252 1010252 1010252 1010252 1010252 1010252 1010252
924533 966468 979064 979064 980635 980635 1020508 1020508 1020508 1020508 1020508 1020508 1020508 1020508 1020508 1020508 1020508 1020508 1020508 1020508 1020508 1020508 1020508 1020508 1020508 1020508 1020508 1020508 1020508 1020508 1020508 1020508 1020508 1020508 1020508 1020508 1020508 1020508 1020508 1020508 1020508 1020508 1020508 1020508 1020508 1020508 1020508 1020508 1020508 1020508
