5214 7258 7258 7258 7258 7258 7258 7258 7258 7258 7258 7258 7258 7258 7258 7258 7258 7258 7258 7258 7258 7258 7258 7258 7258 7258 7258 7258 7258 7258 7258 7258 7258 7258 7258 7258 7258 7258 7258 7258 7258 7258 7258 7258 7258 7258 7258 7258 7258 7258
5422 5652 6449 6449 6668 6668 6668 6668 6711 6711 6711 6711 6711 6711 6711 6711 6711 6711 6711 6711 6711 6711 6711 6711 6711 6711 6711 6711 6711 6711 6711 6711 6711 6711 6711 6711 6711 6711 6711 6711 6711 6711 6711 6711 6711 6711 6711 6711 6711 6711
5491 5958 6289 6659 6738 6738 6738 6738 6738 6812 6812 6812 6812 6812 6812 6812 6812 6812 6812 6812 6812 6812 6812 6812 6812 6812 6812 6812 6812 6812 6812 6812 6812 6812 6812 6812 6812 6812 6812 6812 6812 6812 6812 6812 6812 6812 6812 6812 6812 6812
4970 5725 6520 6520 6676 6951 6951 7018 7166 7227 7227 7227 7227 7227 7227 7227 7227 7227 7227 7227 7227 7227 7227 7227 7227 7227 7227 7227 7227 7227 7227 7227 7227 7227 7227 7227 7227 7227 7227 7227 7227 7227 7227 7227 7227 7227 7227 7227 7227 7227
4300 5141 5572 5806 6156 6156 6506 6506 6506 6506 6506 6506 6506 6506 6506 6506 6506 6506 6506 6506 6506 6506 6506 6506 6506 6506 6506 6506 6506 6506 6506 6506 6506 6506 6506 6506 6506 6506 6506 6506 6506 6506 6506 6506 6506 6506 6506 6506 6506 6506
3834 5717 5983 5983 5983 6492 6492 6492 6492 6492 6492 6492 6492 6492 6492 6492 6492 6492 6492 6492 6492 6492 6492 6492 6492 6492 6492 6492 6492 6492 6492 6492 6492 6492 6492 6492 6492 6492 6492 6492 6492 6492 6492 6492 6492 6492 6492 6492 6492 6492
5747 6378 6404 6464 6743 6743 6743 6743 7086 7086 7086 7086 7086 7086 7086 7086 7086 7086 7086 7086 7086 7086 7086 7086 7086 7086 7086 7086 7086 7086 7086 7086 7086 7086 7086 7086 7086 7086 7086 7086 7086 7086 7086 7086 7086 7086 7086 7086 7086 7086
5036 6295 6295 6295 6371 6371 6455 6455 6455 6455 6455 6611 6611 6611 6611 6611 6611 6611 6611 6611 6611 6611 6611 6611 6611 6611 6611 6611 6611 6611 6611 6611 6611 6611 6611 6611 6611 6611 6611 6611 6611 6611 6611 6611 6611 6611 6611 6611 6611 6611
5105 5370 5405 5936 5977 5998 6020 6020 6020 6020 6020 6020 6485 6485 6485 6485 6485 6485 6485 6485 6485 6485 6485 6485 6485 6485 6485 6485 6485 6485 6485 6485 6485 6485 6485 6485 6485 6485 6485 6485 6485 6485 6485 6485 6485 6485 6485 6485 6485 6485
4822 5922 6075 6531 6531 6531 6765 6765 6765 6765 6920 6920 6920 6920 6920 6920 6920 6920 6920 6920 6920 6920 6920 6920 6920 6920 6920 6920 6920 6920 6920 6920 6920 6920 6920 6920 6920 6920 6920 6920 6920 6920 6920 6920 6920 6920 6920 6920 6920 6920
5373 6045 6735 6735 6735 6735 6780 6780 6780 6780 7107 7107 7107 7107 7107 7107 7107 7107 7107 7107 7107 7107 7107 7107 7107 7107 7107 7107 7107 7107 7107 7107 7107 7107 7107 7107 7107 7107 7107 7107 7107 7107 7107 7107 7107 7107 7107 7107 7107 7107
4416 5684 5684 5684 6106 6247 6611 6611 6651 6798 6798 6798 6798 6798 6958 6958 6958 6958 6958 6958 6958 6958 6958 6958 6958 6958 6958 6958 6958 6958 6958 6958 6958 6958 6958 6958 6958 6958 6958 6958 6958 6958 6958 6958 6958 6958 6958 6958 6958 6958
4190 5305 5939 6043 6053 6344 6344 6344 6344 6390 6390 6390 6390 6390 6390 6390 6390 6709 6709 6709 6709 6709 6709 6709 6709 6709 6709 6709 6709 6709 6709 6709 6709 6709 6709 6709 6709 6709 6709 6709 6709 6709 6709 6709 6709 6709 6709 6709 6709 6709
4961 5729 6348 6348 7128 7193 7193 7193 7193 7193 7193 7193 7193 7193 7193 7193 7193 7193 7193 7193 7193 7193 7193 7193 7193 7193 7193 7193 7193 7193 7231 7231 7231 7231 7231 7231 7231 7231 7231 7231 7231 7231 7231 7231 7231 7231 7231 7231 7231 7231
4273 6019 6245 7222 7222 7222 7321 7321 7321 7321 7321 7321 7321 7321 7321 7321 7321 7321 7321 7321 7321 7321 7321 7321 7321 7321 7321 7321 7321 7321 7321 7321 7321 7321 7321 7321 7321 7321 7321 7321 7321 7321 7321 7321 7321 7321 7321 7321 7321 7321
3970 5887 6338 6338 6338 6682 7004 7004 7076 7076 7076 7076 7076 7076 7076 7076 7076 7076 7076 7076 7076 7076 7076 7076 7076 7076 7076 7076 7076 7076 7076 7076 7076 7076 7076 7076 7076 7076 7076 7076 7076 7076 7076 7076 7076 7076 7076 7076 7076 7076
4425 5701 6005 6005 6005 6005 6039 6148 6148 6190 6190 6190 6190 6190 6190 6190 6190 6190 6190 6287 6287 6287 6287 6287 6287 6287 6287 6287 6654 6654 6654 6654 6654 6654 6654 6654 6654 6654 6654 6654 6654 6654 6654 6654 6654 6654 6654 6654 6654 6654
4463 6140 6206 6206 6206 6206 6206 6206 6206 6206 6206 6206 6206 6206 6206 6206 6206 6206 6401 6401 6401 6401 6401 6401 6401 6401 6401 6401 6401 6401 6401 6401 6401 6401 6401 6401 6401 6401 6401 6401 6401 6401 6401 6401 6401 6401 6401 6401 6401 6401
5510 5510 5601 5831 5831 5831 6317 6317 6879 6879 6879 6879 6918 6918 6918 6918 6918 6918 6918 6918 6918 6918 6918 6918 6918 6918 6918 6918 6918 6918 6918 6918 6918 6918 6918 6918 6918 6918 6918 6918 6918 6918 6918 6918 6918 6918 6918 6918 6918 6918
5482 5554 5678 6227 6444 6444 6444 6444 6504 6504 6504 6504 6570 6570 6570 6570 6570 6570 6570 6570 6570 6570 6570 6570 6570 6570 6570 6570 6570 6570 6789 6789 6789 6789 6789 6789 6789 6789 6789 6789 6789 6789 6789 6789 6789 6789 6789 6789 6789 6789
4714 5532 5532 6271 6630 6630 6630 6630 6630 6630 6630 6630 6630 6630 6630 6630 6630 6630 6630 6630 6630 6630 6630 6630 6630 6630 6630 6630 6630 6630 6630 6630 6630 6630 6630 6630 6630 6630 6630 6630 6630 6630 6630 6630 6630 6630 6630 6630 6630 6630
4590 7031 7031 7031 7031 7031 7031 7031 7031 7031 7031 7031 7031 7031 7031 7031 7031 7031 7031 7031 7031 7031 7031 7031 7031 7031 7031 7031 7031 7031 7031 7031 7031 7031 7031 7031 7031 7031 7031 7031 7031 7031 7031 7031 7031 7031 7031 7031 7031 7031
5005 6245 7121 7121 7121 7121 7121 7121 7121 7121 7121 7121 7121 7306 7306 7306 7306 7306 7306 7306 7306 7306 7306 7306 7306 7306 7306 7306 7306 7306 7306 7306 7306 7306 7306 7306 7306 7306 7306 7306 7306 7306 7306 7306 7306 7306 7306 7306 7306 7306
4940 5356 5561 5647 5911 5911 5911 6135 6135 7299 7299 7299 7299 7299 7299 7299 7299 7299 7299 7299 7299 7299 7299 7299 7299 7299 7299 7299 7299 7299 7299 7299 7299 7299 7299 7299 7299 7299 7299 7299 7299 7299 7299 7299 7299 7299 7299 7299 7299 7299
5535 5769 6182 6182 7056 7056 7056 7056 7056 7056 7056 7056 7056 7056 7056 7056 7056 7056 7056 7056 7056 7056 7056 7056 7056 7056 7056 7056 7056 7056 7056 7056 7056 7056 7056 7056 7056 7056 7056 7056 7056 7056 7056 7056 7056 7056 7056 7056 7056 7056
4456 5013 6418 6495 6495 6495 6495 6495 6495 6495 6495 6495 6495 6495 6495 6495 6495 6495 6495 6495 6495 6495 6495 6495 6495 6495 6495 6495 6495 6495 6495 6495 6495 6495 6495 6495 6495 6495 6495 6495 6495 6495 6495 6495 6495 6495 6495 6495 6495 6495
4903 5900 6898 6898 7030 7030 7187 7187 7187 7187 7187 7187 7187 7187 7187 7187 7187 7187 7187 7187 7187 7187 7187 7187 7187 7187 7187 7187 7187 7187 7187 7187 7187 7187 7187 7187 7187 7187 7187 7187 7187 7187 7187 7187 7187 7187 7187 7187 7187 7187
5518 6037 6518 6518 6518 6518 6518 6518 6518 6518 6518 6518 6518 7211 7211 7211 7211 7211 7211 7211 7211 7211 7211 7211 7211 7211 7211 7211 7211 7211 7211 7211 7211 7211 7211 7211 7211 7211 7211 7211 7211 7211 7211 7211 7211 7211 7211 7211 7211 7211
5382 5923 6534 6534 6534 6606 6812 6812 6812 6812 6812 6812 6812 6812 6812 6812 6812 6812 6812 6812 6812 6812 6812 6812 6812 6812 6812 6812 6812 6812 6812 6812 6812 6812 6812 6812 6812 6812 6812 6812 6812 6812 6812 6812 6812 6812 6812 6812 6812 6812
5538 6122 6169 7015 7015 7015 7015 7015 7015 7015 7015 7015 7015 7015 7015 7015 7015 7015 7015 7015 7015 7015 7015 7015 7015 7015 7015 7015 7015 7015 7015 7015 7015 7015 7015 7015 7015 7015 7015 7015 7015 7015 7015 7015 7015 7015 7015 7015 7015 7015
