106258 110358 114018 114018 114018 114128 114128 114128 114128 114128 114128 114128 114128 114128 114128 114128 114128 114128 114128 114128 114128 114128 114128 114128 114128 114128 114128 114128 114128 114128 114128 114128 114128 114128 114128 114128 114128 114128 114128 114128 114128 114128 114128 114128 114128 114128 114128 114128 114128 114128
99923 107783 109043 109043 109522 109522 109522 109522 109522 109522 109522 109522 109522 109522 109522 109522 109522 109522 109522 109522 109522 109522 109522 109522 109522 109522 109522 109522 109522 109522 109522 109522 109522 109522 109522 109522 109522 109522 109522 109522 109522 109522 109522 109522 109522 109522 109522 109522 109522 109522
117291 120158 120598 120598 120598 120598 120598 120598 120598 120598 120598 120598 120598 120598 120598 120598 120598 120598 120598 120598 120598 120598 120598 120598 120598 120598 120598 120598 120598 120598 120598 120598 120598 120598 120598 120598 120598 120598 120598 120598 120598 120598 120598 120598 120598 120598 120598 120598 120598 120598
65948 66438 66438 66438 66438 66438 66438 66438 66438 66438 66438 66438 66438 66438 66438 66438 66438 66438 66438 66438 66438 66438 66438 66438 66438 66438 66438 66438 66438 66438 66438 66438 66438 66438 66438 66438 66438 66438 66438 66438 66438 66438 66438 66438 66438 66438 66438 66438 66438 66438
87269 118069 118399 118399 118399 118399 118399 118399 118399 118399 118399 118399 118399 118399 118399 118399 118399 118399 118399 118399 118399 118399 118399 118399 118399 118399 118399 118399 118399 118399 118399 118399 118399 118399 118399 118399 118399 118399 118399 118399 118399 118399 118399 118399 118399 118399 118399 118399 118399 118399
109065 109065 109065 109065 109065 109065 109065 109065 109065 109065 109065 109065 109065 109065 109065 109065 109065 109065 109065 109065 109065 109065 109065 109065 109065 109065 109065 109065 109065 109065 109065 109065 109065 109065 109065 109065 109065 109065 109065 109065 109065 109065 109065 109065 109065 109065 109065 109065 109065 109065
90645 90645 90645 90645 90645 90645 90645 90645 90645 90645 90645 90645 90645 90645 90645 90645 90645 90645 90645 90645 90645 90645 90645 90645 90645 90645 90645 90645 90645 90645 90645 90645 90645 90645 90645 90645 90645 90645 90645 90645 90645 90645 90645 90645 90645 90645 90645 90645 90645 90645
107279 119159 119719 119719 119719 119719 119719 119719 119719 119719 119719 119719 119719 119719 119719 119719 119719 119719 119719 119719 119719 119719 119719 119719 119719 119719 119719 119719 119719 119719 119719 119719 119719 119719 119719 119719 119719 119719 119719 119719 119719 119719 119719 119719 119719 119719 119719 119719 119719 119719
89928 90328 90328 90328 90328 90328 90328 90328 90328 90328 90328 90328 90328 90328 90328 90328 90328 90328 90328 90328 90328 90328 90328 90328 90328 90328 90328 90328 90328 90328 90328 90328 90328 90328 90328 90328 90328 90328 90328 90328 90328 90328 90328 90328 90328 90328 90328 90328 90328 90328
98260 98260 98260 98260 98260 98260 98260 98260 98260 98260 98260 98260 98260 98260 98260 98260 98260 98260 98260 98260 98260 98260 98260 98260 98260 98260 98260 98260 98260 98260 98260 98260 98260 98260 98260 98260 98260 98260 98260 98260 98260 98260 98260 98260 98260 98260 98260 98260 98260 98260
74695 86575 86575 86575 86575 86575 86575 86575 86575 86575 86575 86575 86575 86575 86575 86575 86575 86575 86575 86575 86575 86575 86575 86575 86575 86575 86575 86575 86575 86575 86575 86575 86575 86575 86575 86575 86575 86575 86575 86575 86575 86575 86575 86575 86575 86575 86575 86575 86575 86575
114788 115348 120323 120323 120323 120323 120323 120323 120323 120323 120323 120323 120323 120323 120323 120323 120323 120323 120323 120323 120323 120323 120323 120323 120323 120323 120323 120323 120323 120323 120323 120323 120323 120323 120323 120323 120323 120323 120323 120323 120323 120323 120323 120323 120323 120323 120323 120323 120323 120323
66125 66235 66235 66235 66235 66235 66235 66235 66235 66235 66235 66235 66235 66235 66235 66235 66235 66235 66235 66235 66235 66235 66235 66235 66235 66235 66235 66235 66235 66235 66235 66235 66235 66235 66235 66235 66235 66235 66235 66235 66235 66235 66235 66235 66235 66235 66235 66235 66235 66235
106008 107047 107487 107487 107487 109437 109437 109437 109437 109437 109437 109437 109437 109437 109437 109437 109437 109437 109437 109437 109437 109437 109437 109437 109437 109437 109437 109437 109437 109437 109437 109437 109437 109437 109437 109437 109437 109437 109437 109437 109437 109437 109437 109437 109437 109437 109437 109437 109437 109437
64739 83544 83544 83544 84104 84104 84104 84104 84104 84104 84104 84104 84104 84104 84104 84104 84104 84104 84104 84104 84104 84104 84104 84104 84104 84104 84104 84104 84104 84104 84104 84104 84104 84104 84104 84104 84104 84104 84104 84104 84104 84104 84104 84104 84104 84104 84104 84104 84104 84104
-8499999999999999913257 88895 88895 88895 88895 88895 88895 88895 88895 88895 88895 88895 88895 88895 88895 88895 88895 88895 88895 88895 88895 88895 88895 88895 88895 88895 88895 88895 88895 88895 88895 88895 88895 88895 88895 88895 88895 88895 88895 88895 88895 88895 88895 88895 88895 88895 88895 88895 88895 88895
95758 100748 100858 100858 100858 100858 100858 100858 100858 100858 100858 100858 100858 100858 100858 100858 100858 100858 100858 100858 100858 100858 100858 100858 100858 100858 100858 100858 100858 100858 100858 100858 100858 100858 100858 100858 100858 100858 100858 100858 100858 100858 100858 100858 100858 100858 100858 100858 100858 100858
116545 117105 117105 117105 117105 117105 117105 117105 117105 117105 117105 117105 117105 117105 117105 117105 117105 117105 117105 117105 117105 117105 117105 117105 117105 117105 117105 117105 117105 117105 117105 117105 117105 117105 117105 117105 117105 117105 117105 117105 117105 117105 117105 117105 117105 117105 117105 117105 117105 117105
112317 112827 112827 112827 112827 112827 112827 112827 112827 112827 112827 112827 112827 112827 112827 112827 112827 112827 112827 112827 112827 112827 112827 112827 112827 112827 112827 112827 112827 112827 112827 112827 112827 112827 112827 112827 112827 112827 112827 112827 112827 112827 112827 112827 112827 112827 112827 112827 112827 112827
91891 95936 96376 96855 96855 96855 96855 96855 96855 96855 96855 96855 96855 96855 96855 96855 96855 96855 96855 96855 96855 96855 96855 96855 96855 96855 96855 96855 96855 96855 96855 96855 96855 96855 96855 96855 96855 96855 96855 96855 96855 96855 96855 96855 96855 96855 96855 96855 96855 96855
101542 102032 102032 102032 102032 102032 102032 102032 102032 102032 102032 102032 102032 102032 102032 102032 102032 102032 102032 102032 102032 102032 102032 102032 102032 102032 102032 102032 102032 102032 102032 102032 102032 102032 102032 102032 102032 102032 102032 102032 102032 102032 102032 102032 102032 102032 102032 102032 102032 102032
60793 65773 78132 78132 78132 78132 78132 78132 78132 78132 78132 78132 78132 78132 78132 78132 78132 78132 78132 78132 78132 78132 78132 78132 78132 78132 78132 78132 78132 78132 78132 78132 78132 78132 78132 78132 78132 78132 78132 78132 78132 78132 78132 78132 78132 78132 78132 78132 78132 78132
96084 96414 96414 96414 96524 96524 96524 96524 96524 96524 96524 96524 96524 96524 96524 96524 96524 96524 96524 96524 96524 96524 96524 96524 96524 96524 96524 96524 96524 96524 96524 96524 96524 96524 96524 96524 96524 96524 96524 96524 96524 96524 96524 96524 96524 96524 96524 96524 96524 96524
104497 104497 104497 104497 104497 104497 104497 104497 104497 104497 104497 104497 104497 104497 104497 104497 104497 104497 104497 104497 104497 104497 104497 104497 104497 104497 104497 104497 104497 104497 104497 104497 104497 104497 104497 104497 104497 104497 104497 104497 104497 104497 104497 104497 104497 104497 104497 104497 104497 104497
81439 81439 81439 81439 81439 81439 81439 81439 81439 81439 81439 81439 81439 81439 81439 81439 81439 81439 81439 81439 81439 81439 81439 81439 81439 81439 81439 81439 81439 81439 81439 81439 81439 81439 81439 81439 81439 81439 81439 81439 81439 81439 81439 81439 81439 81439 81439 81439 81439 81439
96075 96075 96075 96075 96185 96185 96185 96185 96185 96185 96185 96185 96185 96185 96185 96185 96185 96185 96185 96185 96185 96185 96185 96185 96185 96185 96185 96185 96185 96185 96185 96185 96185 96185 96185 96185 96185 96185 96185 96185 96185 96185 96185 96185 96185 96185 96185 96185 96185 96185
97945 102595 102595 102595 102595 102595 102595 102595 102595 102595 102595 102595 102595 102595 102595 102595 102595 102595 102595 102595 102595 102595 102595 102595 102595 102595 102595 102595 102595 102595 102595 102595 102595 102595 102595 102595 102595 102595 102595 102595 102595 102595 102595 102595 102595 102595 102595 102595 102595 102595
85927 90592 90592 90592 90592 90592 90592 90592 90592 90592 90592 90592 90592 90592 90592 90592 90592 90592 90592 90592 90592 90592 90592 90592 90592 90592 90592 90592 90592 90592 90592 90592 90592 90592 90592 90592 90592 90592 90592 90592 90592 90592 90592 90592 90592 90592 90592 90592 90592 90592
118457 118457 118457 118457 118457 118457 118457 118457 118457 118457 118457 118457 118457 118457 118457 118457 118457 118457 118457 118457 118457 118457 118457 118457 118457 118457 118457 118457 118457 118457 118457 118457 118457 118457 118457 118457 118457 118457 118457 118457 118457 118457 118457 118457 118457 118457 118457 118457 118457 118457
46610 74162 77882 78212 78212 78212 78212 78212 78212 78212 78212 78212 78212 78212 78212 78212 78212 78212 78212 78212 78212 78212 78212 78212 78212 78212 78212 78212 78212 78212 78212 78212 78212 78212 78212 78212 78212 78212 78212 78212 78212 78212 78212 78212 78212 78212 78212 78212 78212 78212
