91166 99436 99436 99436 99436 99436 99436 99836 99836 99836 99836 99836 99836 99836 99836 99836 99836 99836 99836 99836 99836 99836 99836 99836 99836 99836 99836 99836 99836 99836 99836 99836 99836 99836 99836 99836 99836 99836 99836 99836 99836 99836 99836 99836 99836 99836 99836 99836 99836 99836
67358 72282 72552 72552 72552 72552 72552 72552 72552 72552 72552 72552 72552 72552 72552 72552 72552 72552 72552 72552 72552 72552 72552 72552 72552 72552 72552 72552 72552 72552 72552 72552 72552 72552 72552 72552 72552 72552 72552 72552 72552 72552 72552 72552 72552 72552 72552 72552 72552 72552
84777 84777 88893 99623 100272 100382 100382 100382 100382 100382 100382 100382 100382 100382 100382 100382 100382 100382 100382 100382 100382 100382 100382 100382 100382 100382 100382 100382 100382 100382 100382 100382 100382 100382 100382 100382 100382 100382 100382 100382 100382 100382 100382 100382 100382 100382 100382 100382 100382 100382
92550 97085 98915 98915 99035 99035 99035 99035 99035 99035 99035 99035 99035 99035 99035 99035 99035 99035 99035 99035 99035 99035 99035 99035 99035 99035 99035 99035 99035 99035 99035 99035 99035 99035 99035 99035 99035 99035 99035 99035 99035 99035 99035 99035 99035 99035 99035 99035 99035 99035
89815 94905 95415 95415 106855 106855 106855 106855 106855 106855 106855 106855 106855 106855 106855 106855 106855 106855 106855 106855 106855 106855 106855 106855 106855 106855 106855 106855 106855 106855 106855 106855 106855 106855 106855 106855 106855 106855 106855 106855 106855 106855 106855 106855 106855 106855 106855 106855 106855 106855
83177 83577 83577 85202 85202 85472 85472 85472 85472 85472 85472 85472 85472 85472 85472 85472 85472 85472 85472 85472 85472 85472 85472 85472 85472 85472 85472 85472 85472 85472 85472 85472 85472 85472 85472 85472 85472 85472 85472 85472 85472 85472 85472 85472 85472 85472 85472 85472 85472 85472
63978 64538 68353 69393 69393 69393 69393 69393 69393 69393 69393 69393 69393 69393 69393 69393 69393 69393 69393 69393 69393 69393 69393 69393 69393 69393 69393 69393 69393 69393 69393 69393 69393 69393 69393 69393 69393 69393 69393 69393 69393 69393 69393 69393 69393 69393 69393 69393 69393 69393
99250 102480 103480 103480 103640 104040 104150 104150 104150 104150 104150 104150 104150 104150 104150 104150 104150 104150 104150 104150 104150 104150 104150 104150 104150 104150 104150 104150 104150 104150 104150 104150 104150 104150 104150 104150 104150 104150 104150 104150 104150 104150 104150 104150 104150 104150 104150 104150 104150 104150
97304 97304 97704 97814 97814 97814 97814 97814 97814 97814 97814 97814 97814 97814 97814 97814 97814 97814 97814 97814 97814 97814 97814 97814 97814 97814 97814 97814 97814 97814 97814 97814 97814 97814 97814 97814 97814 97814 97814 97814 97814 97814 97814 97814 97814 97814 97814 97814 97814 97814
59366 59696 60830 61351 61351 61351 61351 61351 61351 61351 61351 61351 61351 61351 61351 61351 61351 61351 61351 61351 61351 61351 61351 61351 61351 61351 61351 61351 61351 61351 61351 61351 61351 61351 61351 61351 61351 61351 61351 61351 61351 61351 61351 61351 61351 61351 61351 61351 61351 61351
62686 63296 63296 63296 67206 67206 67206 67206 67206 67206 67206 67206 67206 67206 67206 67206 67206 67206 67206 67206 67206 67206 67206 67206 67206 67206 67206 67206 67206 67206 67206 67206 67206 67206 67206 67206 67206 67206 67206 67206 67206 67206 67206 67206 67206 67206 67206 67206 67206 67206
79911 85216 87716 87716 87716 88226 88226 88226 88226 88226 88226 88226 88226 88226 88226 88226 88226 88226 88226 88226 88226 88226 88226 88226 88226 88226 88226 88226 88226 88226 88226 88226 88226 88226 88226 88226 88226 88226 88226 88226 88226 88226 88226 88226 88226 88226 88226 88226 88226 88226
99534 99534 99534 99534 100785 100785 100785 100785 100785 100785 100785 100785 100785 100785 100785 100785 100785 100785 100785 100785 100785 100785 100785 100785 100785 100785 100785 100785 100785 100785 100785 100785 100785 100785 100785 100785 100785 100785 100785 100785 100785 100785 100785 100785 100785 100785 100785 100785 100785 100785
50551 51900 51900 52475 52635 52635 53035 53035 53035 53035 53035 53035 53035 53035 53035 53035 53035 53035 53035 53035 53035 53035 53035 53035 53035 53035 53035 53035 53035 53035 53035 53035 53035 53035 53035 53035 53035 53035 53035 53035 53035 53035 53035 53035 53035 53035 53035 53035 53035 53035
73888 77648 78237 78237 78237 78237 78237 78237 78237 78237 78237 78237 78237 78237 78237 78237 78237 78237 78237 78237 78237 78237 78237 78237 78237 78237 78237 78237 78237 78237 78237 78237 78237 78237 78237 78237 78237 78237 78237 78237 78237 78237 78237 78237 78237 78237 78237 78237 78237 78237
98117 98117 98117 98297 98857 98857 98857 98857 98857 98857 98857 98857 98857 98857 98857 98857 98857 98857 98857 98857 98857 98857 98857 98857 98857 98857 98857 98857 98857 98857 98857 98857 98857 98857 98857 98857 98857 98857 98857 98857 98857 98857 98857 98857 98857 98857 98857 98857 98857 98857
96717 96717 96827 96827 96827 96827 96827 96827 96827 96827 96827 96827 96827 96827 96827 96827 96827 96827 96827 96827 96827 96827 96827 96827 96827 96827 96827 96827 96827 96827 96827 96827 96827 96827 96827 96827 96827 96827 96827 96827 96827 96827 96827 96827 96827 96827 96827 96827 96827 96827
69498 69498 69498 69498 70579 70579 70579 70579 70579 70579 70579 70579 70579 70579 70579 70579 70579 70579 70579 70579 70579 70579 70579 70579 70579 70579 70579 70579 70579 70579 70579 70579 70579 70579 70579 70579 70579 70579 70579 70579 70579 70579 70579 70579 70579 70579 70579 70579 70579 70579
101687 101687 101687 101687 101687 101687 101687 101687 101687 101687 101687 101687 101687 101687 101687 101687 101687 101687 101687 101687 101687 101687 101687 101687 101687 101687 101687 101687 101687 101687 101687 101687 101687 101687 101687 101687 101687 101687 101687 101687 101687 101687 101687 101687 101687 101687 101687 101687 101687 101687
-7999999999999999932126 74082 81917 93797 93847 93847 93847 93847 94287 94287 94287 94287 94287 94287 94287 94287 94287 94287 94287 94287 94287 94287 94287 94287 94287 94287 94287 94287 94287 94287 94287 94287 94287 94287 94287 94287 94287 94287 94287 94287 94287 94287 94287 94287 94287 94287 94287 94287 94287 94287
104785 111065 111065 111135 111135 111135 111135 111135 111135 111135 111135 111135 111135 111135 111135 111135 111135 111135 111135 111135 111135 111135 111135 111135 111135 111135 111135 111135 111135 111135 111135 111135 111135 111135 111135 111135 111135 111135 111135 111135 111135 111135 111135 111135 111135 111135 111135 111135 111135 111135
87910 88470 88470 88470 88470 88470 88470 88470 88470 88470 88470 88470 88470 88470 88470 88470 88470 88470 88470 88470 88470 88470 88470 88470 88470 88470 88470 88470 88470 88470 88470 88470 88470 88470 88470 88470 88470 88470 88470 88470 88470 88470 88470 88470 88470 88470 88470 88470 88470 88470
48462 48462 59622 59622 59622 60132 60132 60132 60132 60132 60132 60132 60132 60132 60132 60132 60132 60132 60132 60132 60132 60132 60132 60132 60132 60132 60132 60132 60132 60132 60132 60132 60132 60132 60132 60132 60132 60132 60132 60132 60132 60132 60132 60132 60132 60132 60132 60132 60132 60132
60522 61931 61931 62261 62261 62261 62261 62261 62261 62261 62261 62261 62261 62261 62261 62261 62261 62261 62261 62261 62261 62261 62261 62261 62261 62261 62261 62261 62261 62261 62261 62261 62261 62261 62261 62261 62261 62261 62261 62261 62261 62261 62261 62261 62261 62261 62261 62261 62261 62261
57437 74020 74020 74020 74020 74060 74390 74390 74390 74390 74390 74390 74390 74390 74390 74390 74390 74390 74390 74390 74390 74390 74390 74390 74390 74390 74390 74390 74390 74390 74390 74390 74390 74390 74390 74390 74390 74390 74390 74390 74390 74390 74390 74390 74390 74390 74390 74390 74390 74390
72886 84766 84766 84766 85996 85996 85996 85996 85996 85996 85996 85996 85996 85996 85996 85996 85996 85996 85996 85996 85996 85996 85996 85996 85996 85996 85996 85996 85996 85996 85996 85996 85996 85996 85996 85996 85996 85996 85996 85996 85996 85996 85996 85996 85996 85996 85996 85996 85996 85996
92910 97805 97805 97805 97805 97805 97805 97805 97805 97805 97805 97805 97805 97805 97805 97805 97805 97805 97805 97805 97805 97805 97805 97805 97805 97805 97805 97805 97805 97805 97805 97805 97805 97805 97805 97805 97805 97805 97805 97805 97805 97805 97805 97805 97805 97805 97805 97805 97805 97805
57238 70317 70317 70317 70317 70317 70317 70317 70317 70317 70317 70317 70317 70317 70317 70317 70317 70317 70317 70317 70317 70317 70317 70317 70317 70317 70317 70317 70317 70317 70317 70317 70317 70317 70317 70317 70317 70317 70317 70317 70317 70317 70317 70317 70317 70317 70317 70317 70317 70317
45445 103482 103922 103922 103922 103922 103922 103922 103922 103922 103922 103922 103922 103922 103922 103922 103922 103922 103922 103922 103922 103922 103922 103922 103922 103922 103922 103922 103922 103922 103922 103922 103922 103922 103922 103922 103922 103922 103922 103922 103922 103922 103922 103922 103922 103922 103922 103922 103922 103922
45185 48070 48070 48070 48070 48070 48070 48070 48070 48070 48070 48070 48070 48070 48070 48070 48070 48070 48070 48070 48070 48070 48070 48070 48070 48070 48070 48070 48070 48070 48070 48070 48070 48070 48070 48070 48070 48070 48070 48070 48070 48070 48070 48070 48070 48070 48070 48070 48070 48070
